10 100 1
10 1000 1
10 9980 1
100 1000 1
100 10000 1
100 9997 1
10000 10001 1
10000 10002 1
10001 10003 1
10002 10004 1
10004 10005 1
10004 10006 1
10006 10007 1
10006 10008 1
10007 10008 1
10007 10009 1
10008 10010 1
10009 8533 1
10010 10011 1
10010 5068 1
10011 10012 1
10013 10014 1
10013 10015 1
10014 2954 1
10016 1002 1
10018 10020 1
10018 3446 1
1002 10021 1
10021 10022 1
10021 10023 1
10023 10024 1
10023 4062 1
10024 10026 1
10025 10026 1
10025 14816 1
10026 10028 1
10027 10028 1
10027 14947 1
10028 10029 1
10030 10031 1
10032 10034 1
10033 10035 1
10033 28830 1
10035 10037 1
10036 10037 1
10036 10038 1
10037 10038 1
10038 10039 1
10039 1004 1
10039 10040 1
1004 10040 1
1004 10041 1
10041 10042 1
10041 10043 1
10042 10044 1
10044 10045 1
10045 10046 1
10045 10047 1
10046 10047 1
10048 10049 1
10048 1005 1
10049 10050 1
1005 10050 1
1005 10051 1
10050 10051 1
10052 10053 1
10053 10054 1
10055 10058 1
10057 10058 1
10057 10059 1
10058 1006 1
10059 1006 1
1006 10060 1
10060 10063 1
10060 25995 1
10063 10064 1
10064 10065 1
10064 10066 1
10065 10067 1
10066 10067 1
10067 10068 1
10067 10069 1
10068 10069 1
10068 1007 1
1007 10070 1
1007 10072 1
10073 10075 1
10074 10075 1
10074 10076 1
10076 10078 1
10077 10079 1
10077 43 1
10079 1008 1
10079 10080 1
1008 10080 1
1008 10081 1
10082 10083 1
10084 10086 1
10085 10086 1
10085 23600 1
10086 10087 1
10087 10089 1
10089 1009 1
10090 10093 1
10091 10093 1
10091 10095 1
10093 10095 1
10095 10097 1
10096 10097 1
10096 10098 1
10097 10098 1
10099 101 1
10099 1010 1
101 1010 1
10100 10101 1
10100 10102 1
10101 10102 1
10101 10103 1
10102 10105 1
10103 10105 1
10103 10106 1
10105 10107 1
10105 33385 1
10107 24201 1
10108 10109 1
10109 10112 1
1011 10112 1
1011 10114 1
10112 10114 1
10112 10115 1
10115 10116 1
10116 10117 1
10118 10119 1
1012 10121 1
10121 10122 1
10121 10123 1
10122 10123 1
10122 10124 1
10124 10125 1
10125 10127 1
10125 10129 1
10127 10129 1
1013 10130 1
1013 10131 1
10130 10133 1
10131 10132 1
10131 10133 1
10132 10133 1
10132 10134 1
10133 10134 1
10133 10135 1
10134 10135 1
10135 10136 1
10135 10137 1
10136 10139 1
10139 6261 1
1014 10141 1
10140 10141 1
10141 10143 1
10141 10144 1
10143 10144 1
10143 10145 1
10146 10148 1
10148 10150 1
10149 10150 1
10149 10151 1
10150 10151 1
10151 10153 1
10152 10153 1
10152 10154 1
10153 10154 1
10156 10158 1
10157 10158 1
10159 10160 1
1016 10160 1
1016 2252 1
10160 10161 1
10161 10162 1
10161 10163 1
10162 10164 1
10165 10166 1
10165 10167 1
10166 10167 1
10166 10169 1
10169 1017 1
10169 10170 1
1017 10170 1
10171 10172 1
10172 10174 1
10172 10175 1
10175 10176 1
10175 10177 1
10176 10177 1
10176 10178 1
10178 10179 1
10178 10271 1
10179 1018 1
10179 10180 1
1018 10181 1
10180 10181 1
10181 10183 1
10181 1022 1
10184 10185 1
10185 10187 1
10187 10188 1
10188 1019 1
10188 10190 1
1019 10190 1
10190 10191 1
10191 10192 1
10192 10194 1
10194 10196 1
10195 10196 1
10195 10197 1
10196 10197 1
10197 10198 1
10198 10199 1
10198 102 1
10199 102 1
102 6944 1
1020 10201 1
10201 10203 1
10201 10204 1
10203 10204 1
10203 10205 1
10205 10206 1
10205 10207 1
10206 10207 1
10206 10209 1
10207 1021 1
10209 6508 1
1021 10211 1
1021 3031 1
10212 10213 1
10212 10214 1
10213 13081 1
10214 10215 1
10214 10216 1
10215 10217 1
10216 10217 1
10216 10218 1
10218 1022 1
10219 1022 1
10219 10220 1
1022 10220 1
10220 10221 1
10220 10222 1
10221 10222 1
10221 10223 1
10224 10227 1
10227 10229 1
10229 1023 1
10230 10231 1
10230 10232 1
10231 10233 1
10231 10273 1
10233 10235 1
10234 10235 1
10234 10236 1
10235 10236 1
10236 10238 1
10238 10239 1
10238 1024 1
10240 10241 1
10240 10242 1
10241 10243 1
10242 10243 1
10243 10245 1
10243 10246 1
10245 10246 1
10245 10247 1
10247 10248 1
10247 10249 1
10248 1025 1
10249 10250 1
1025 10250 1
10250 10252 1
10250 622 1
10251 9080 1
10253 10254 1
10255 10256 1
10256 10257 1
10257 10259 1
10258 10259 1
10259 10260 1
10259 10261 1
10260 10261 1
10260 10262 1
10262 10263 1
10262 1940 1
10263 10265 1
10264 10266 1
10265 10266 1
10266 10267 1
10266 10268 1
10268 10269 1
10268 1027 1
10269 1027 1
10269 10270 1
1027 10271 1
10270 10272 1
10271 10272 1
10271 10273 1
10272 10273 1
10272 10274 1
10274 10276 1
10274 10278 1
10276 10278 1
10279 10280 1
1028 10280 1
1028 10281 1
10280 10282 1
10282 10283 1
10282 10284 1
10284 10285 1
10284 10286 1
10285 10287 1
10286 35143 1
10286 4640 1
10287 10289 1
10288 10289 1
10288 925 1
10289 1029 1
10290 10293 1
10290 8734 1
10292 10293 1
10294 10296 1
10295 10296 1
10295 10297 1
10297 20310 1
10298 10299 1
10298 103 1
10299 103 1
1030 10300 1
1030 10303 1
10300 10303 1
10300 10304 1
10304 10305 1
10304 10306 1
10305 10308 1
10308 10309 1
10309 10313 1
10309 8300 1
1031 10313 1
10313 10314 1
10314 10315 1
10314 1032 1
10315 10325 1
1032 10325 1
1032 1034 1
10325 10356 1
10356 10363 1
10363 10368 1
1037 10376 1
10374 10376 1
10374 10379 1
10376 10384 1
10379 10384 1
10384 10386 1
10386 10390 1
10386 10393 1
10393 10395 1
10395 10407 1
10395 10413 1
10407 10433 1
10413 10433 1
10433 10435 1
10433 10437 1
10435 10437 1
10435 10440 1
10440 10444 1
10440 10457 1
10444 10467 1
10467 10478 1
10467 9427 1
10474 10478 1
10474 10496 1
10496 105 1
10496 10502 1
105 10502 1
105 10506 1
10506 10542 1
10506 8431 1
10514 10542 1
10514 10547 1
1055 10561 1
10568 1058 1
10572 1058 1
10572 10582 1
1058 10582 1
10582 10620 1
10620 10621 1
10623 10626 1
10623 10893 1
10626 10632 1
10626 10634 1
10632 45 1
10634 1064 1
10639 1064 1
10639 8967 1
1064 10672 1
10674 10675 1
10674 10677 1
10675 10227 1
10678 1069 1
10687 1069 1
10687 10709 1
1069 10715 1
10709 10715 1
10709 10735 1
10715 10735 1
10715 10736 1
10736 10737 1
10737 10749 1
10749 10754 1
10753 10754 1
10753 10758 1
10754 10758 1
10754 1076 1
1076 9290 1
10767 10768 1
10769 1077 1
1077 10780 1
1077 10784 1
10780 10814 1
10814 10826 1
10814 10830 1
10826 10833 1
10833 10834 1
10834 1037 1
10834 10838 1
10842 10845 1
10842 10857 1
10845 1086 1
10857 1086 1
10857 10860 1
1086 10860 1
1086 10877 1
10860 10877 1
10860 1089 1
10877 1089 1
1089 10891 1
1089 10893 1
10891 10893 1
10891 10895 1
10895 10900 1
10895 10909 1
10900 10911 1
10909 10911 1
10911 10928 1
10911 10932 1
10928 10932 1
10928 10938 1
1094 10958 1
10958 10988 1
10973 10988 1
10973 1099 1
10988 1099 1
1099 11009 1
1100 11009 1
1100 11014 1
11009 11014 1
11026 11034 1
11028 11034 1
11036 11047 1
11043 11047 1
11043 1105 1
11047 1105 1
1105 11070 1
1105 11077 1
11070 11078 1
11077 9254 1
1108 11082 1
11082 11090 1
11082 1110 1
11090 1110 1
1110 11113 1
1110 11128 1
11113 11128 1
11113 1113 1
11132 11134 1
11132 11139 1
11139 11160 1
11139 11161 1
11160 1100 1
11160 1117 1
1117 11175 1
1117 1118 1
11175 1118 1
11175 11204 1
1118 31772 1
11204 1122 1
1122 11220 1
1122 15058 1
11243 11249 1
11243 11259 1
11249 11263 1
11263 11269 1
11269 11270 1
11269 11273 1
11273 11283 1
11283 11295 1
11295 11305 1
11305 11321 1
11313 11331 1
11321 11331 1
11331 1134 1
1134 11344 1
1134 11348 1
11344 11348 1
11348 11391 1
11387 11396 1
11396 11397 1
11396 11403 1
11397 11403 1
11397 11407 1
11407 11409 1
11407 1141 1
11409 1141 1
11409 11424 1
1141 1427 1
11424 1144 1
11426 1144 1
11426 11451 1
11460 11503 1
11460 11506 1
11503 11506 1
11506 11521 1
11512 11534 1
11521 11536 1
11521 3707 1
11536 11542 1
11542 11545 1
11545 11562 1
11545 11564 1
11562 11564 1
11562 11565 1
11564 11565 1
1160 11625 1
11625 11630 1
11628 11630 1
11628 11650 1
11630 10045 1
11630 1166 1
1166 11675 1
1166 11686 1
11675 11686 1
11675 11696 1
11696 11719 1
11709 11719 1
11709 1173 1
11719 1173 1
11730 1176 1
11730 6323 1
11762 11767 1
11762 5377 1
11767 11773 1
11768 4241 1
11773 11820 1
11773 11836 1
11820 11848 1
11820 4580 1
11848 11861 1
11848 11875 1
11861 11876 1
11875 1188 1
11876 1725 1
1188 11889 1
1188 11891 1
11889 11891 1
11899 9582 1
11904 11908 1
11905 13528 1
11908 11920 1
11920 11923 1
11920 11934 1
11923 11934 1
11934 1194 1
11934 11955 1
1194 11955 1
1194 11957 1
11957 11976 1
11976 11999 1
11999 8438 1
12 12006 1
12 12010 1
12010 12015 1
12015 12022 1
12015 19677 1
12022 12041 1
1203 12056 1
12041 12079 1
12056 12079 1
12056 2873 1
12091 12093 1
12091 12107 1
12093 12107 1
12111 12642 1
12141 12153 1
12141 12174 1
12175 12189 1
12175 12194 1
12189 12194 1
12194 12200 1
12194 12202 1
12200 12205 1
12202 12205 1
12202 12217 1
12205 1222 1
12217 1222 1
12217 12229 1
12246 12249 1
12246 12252 1
12249 12252 1
12254 12275 1
12274 12277 1
12274 15530 1
12277 12295 1
1229 10784 1
1229 3940 1
12295 123 1
12300 12312 1
12300 12315 1
12312 12315 1
12312 12326 1
12326 10184 1
12326 12336 1
12336 12345 1
12345 12355 1
12355 12356 1
12355 12361 1
12361 12364 1
12364 12369 1
12364 1238 1
12369 12381 1
1238 12381 1
1238 12399 1
12381 12401 1
12401 12403 1
12403 12406 1
12403 1241 1
1241 12420 1
12414 12420 1
12414 6538 1
12420 12467 1
12439 12467 1
12467 1247 1
1247 12472 1
1247 12483 1
12483 12485 1
12485 1249 1
12485 19529 1
1249 12496 1
12494 12496 1
12496 12520 1
12496 12527 1
12520 12527 1
12520 12532 1
12532 12533 1
12532 12539 1
12533 1255 1
12539 1255 1
12539 12565 1
1255 12565 1
1255 1257 1
12565 1257 1
12565 12572 1
12572 1258 1
12572 7059 1
1258 12580 1
1258 12584 1
12584 12599 1
12584 12606 1
12599 12611 1
12606 12611 1
12616 12622 1
12626 12642 1
12640 12642 1
12640 12650 1
12642 12650 1
12642 12659 1
12650 12666 1
12666 12671 1
12672 1268 1
12672 12682 1
1268 12682 1
1268 12685 1
12682 12685 1
12685 12690 1
1269 12690 1
1269 1270 1
1273 12736 1
1273 12744 1
12736 12744 1
12747 12776 1
12748 12776 1
12748 1279 1
12776 2427 1
1279 12804 1
1279 12837 1
12804 12854 1
12804 2578 1
12854 12855 1
12855 12861 1
12861 12872 1
12867 12872 1
12867 12879 1
12872 12879 1
12872 12899 1
12879 129 1
12899 129 1
129 12900 1
12906 12958 1
12958 12960 1
12958 12961 1
12960 12970 1
12970 12975 1
12970 12981 1
12975 12982 1
12982 12984 1
12984 13 1
12984 130 1
13010 13023 1
13010 4671 1
13021 13028 1
13023 13028 1
13023 13032 1
13028 13032 1
13032 13310 1
13032 3137 1
13042 13048 1
13048 13081 1
13048 13083 1
13081 13083 1
13081 2119 1
13088 13091 1
13088 8420 1
13091 13101 1
13097 13101 1
13101 11036 1
13101 13120 1
1311 13120 1
1311 14195 1
13133 13139 1
13133 13145 1
13145 13150 1
13148 13150 1
13148 1316 1
13150 1316 1
13150 6241 1
1316 13176 1
13173 13176 1
13173 13183 1
13176 13183 1
13187 132 1
13192 132 1
13200 13215 1
13213 13215 1
13213 1322 1
13215 1322 1
1322 13220 1
1322 13247 1
13220 13267 1
13247 11014 1
13273 13295 1
13295 10270 1
13295 1331 1
1331 13310 1
13310 13315 1
13310 13323 1
13315 13323 1
13315 13336 1
13323 1334 1
1334 13350 1
1334 13396 1
13396 134 1
13396 13404 1
134 13404 1
134 13412 1
13412 13421 1
13414 13421 1
13414 13429 1
13421 1345 1
13421 4177 1
13429 1345 1
1345 13451 1
1345 13455 1
13474 13481 1
13474 13492 1
13481 13514 1
13514 13515 1
13515 13528 1
13515 13539 1
13539 13551 1
13551 13552 1
13551 13555 1
13552 13573 1
13573 1359 1
13574 13601 1
1359 13601 1
13601 13627 1
13627 1363 1
13627 13630 1
1363 13630 1
13644 1370 1
1370 13710 1
1370 13716 1
13710 10304 1
13710 13716 1
13716 9347 1
1373 13768 1
1373 23697 1
13750 13768 1
13750 13781 1
13768 13785 1
13781 13807 1
13785 13807 1
13785 13826 1
1383 13881 1
1383 14593 1
13838 13881 1
13881 13898 1
1389 1390 1
13898 1390 1
13898 13929 1
13929 13940 1
13940 13959 1
13959 13961 1
13959 13962 1
13961 13962 1
13961 13963 1
13962 13963 1
13973 13976 1
13976 13989 1
13986 13989 1
13986 13990 1
13989 14001 1
13989 9006 1
14001 10433 1
14001 14002 1
14002 1401 1
14002 1402 1
1402 14039 1
14037 14039 1
14039 1405 1
14058 10046 1
14058 14081 1
14066 14081 1
14081 14106 1
14082 14106 1
14082 14113 1
14106 14115 1
14115 14123 1
14115 1414 1
14123 1414 1
14123 14140 1
14140 14145 1
14140 14153 1
14145 14165 1
14153 14174 1
14165 14174 1
14174 14195 1
14174 4366 1
14180 14195 1
1420 14217 1
1420 14226 1
14217 14239 1
14226 14239 1
14239 14240 1
14240 14262 1
14240 1427 1
14262 1427 1
1427 4980 1
1427 8071 1
14277 14288 1
14277 14303 1
14303 14305 1
14305 10572 1
14338 1437 1
1437 10374 1
1437 9237 1
14384 14502 1
14502 14535 1
14502 14565 1
14535 1457 1
14565 14580 1
1457 1489 1
14580 14593 1
14580 14600 1
14600 1461 1
14600 14613 1
1461 14613 1
14651 14688 1
14676 14699 1
14747 14751 1
14747 14755 1
14751 14755 1
14755 1476 1
14755 14814 1
1476 14816 1
14814 10973 1
14814 14816 1
14816 1483 1
14818 1483 1
14818 14830 1
14831 14837 1
14831 14838 1
14837 14838 1
14849 14859 1
14855 14859 1
14855 14869 1
14869 14887 1
14870 14887 1
14870 1489 1
14887 1489 1
14911 14916 1
14911 14927 1
14916 14927 1
14916 1493 1
1493 14932 1
1493 14943 1
14932 14943 1
14932 14947 1
14947 14951 1
14951 15 1
14951 15021 1
15021 15023 1
15021 15039 1
15023 15039 1
15023 15052 1
15039 15058 1
15052 15058 1
15052 1506 1
15058 387 1
1506 1509 1
15067 1509 1
1509 15106 1
1509 5365 1
15110 1513 1
15120 1513 1
15120 15147 1
1513 15161 1
15147 15161 1
15161 15171 1
15171 15230 1
15230 15254 1
15254 15263 1
15254 15286 1
15263 15294 1
15286 15294 1
15294 153 1
15294 1530 1
153 1530 1
153 15309 1
15309 1532 1
15309 5627 1
15314 15329 1
15329 1620 1
15329 8614 1
15334 1537 1
15334 4557 1
1537 15393 1
1537 15422 1
15393 15422 1
15393 15424 1
15424 15438 1
15424 18438 1
15438 15446 1
15444 15446 1
15466 15471 1
15466 15482 1
15482 15515 1
15496 15515 1
15496 1552 1
15515 1552 1
15515 1553 1
1552 15530 1
15530 6765 1
15540 15548 1
15540 15554 1
15548 15554 1
15548 15561 1
15554 15561 1
15561 15649 1
15619 15649 1
15619 15658 1
15659 15665 1
15659 15693 1
15665 24179 1
15717 15744 1
15737 15744 1
15737 15745 1
15745 15748 1
15745 965 1
15748 15749 1
15748 2290 1
15749 15763 1
15763 15773 1
15773 158 1
158 15837 1
15818 15837 1
15818 1584 1
15837 13336 1
15837 15886 1
1584 15899 1
15886 15899 1
15899 15908 1
15921 15925 1
15925 15970 1
15925 15976 1
15970 15988 1
15988 16009 1
15988 16017 1
16009 16031 1
16031 16055 1
16055 16061 1
16062 16063 1
16062 16064 1
16063 16069 1
16064 16069 1
16069 16094 1
16094 16098 1
16094 7736 1
16124 16139 1
16124 16161 1
16139 10833 1
16139 16161 1
1618 16180 1
1618 16194 1
16180 1620 1
16194 1620 1
1620 1622 1
1620 16230 1
1622 16230 1
1622 6113 1
16234 1624 1
16234 3575 1
1624 16241 1
1624 16245 1
16245 16255 1
16249 16255 1
16249 16269 1
16255 16269 1
16255 16278 1
16269 16291 1
16278 16291 1
16278 16310 1
16313 16323 1
16321 16323 1
16345 16357 1
16354 16357 1
16354 16370 1
16357 16370 1
16370 1647 1
16399 1648 1
1647 1648 1
16497 16502 1
16502 16504 1
16502 16527 1
16504 16527 1
16527 16533 1
16527 16552 1
16533 16552 1
16533 1662 1
16552 16627 1
16627 16630 1
16645 16657 1
16645 4871 1
16647 11767 1
16647 16657 1
16657 16673 1
16663 16676 1
16673 16676 1
16673 16701 1
16676 16701 1
16676 16708 1
16701 16708 1
16708 12682 1
16708 1677 1
16782 1680 1
16782 16833 1
1680 16858 1
16858 1687 1
1687 16909 1
1687 1692 1
1692 16923 1
16937 1697 1
1697 17030 1
17008 17040 1
17040 17053 1
17061 17062 1
17089 6930 1
1709 1711 1
17105 1711 1
17105 17156 1
1711 17156 1
1711 17176 1
17156 25258 1
17176 17205 1
17205 17224 1
17205 5156 1
17210 1724 1
17224 1725 1
1724 1725 1
1724 17251 1
17257 17287 1
17257 17325 1
17287 17325 1
17325 17404 1
1740 17404 1
1740 17407 1
17404 12079 1
17404 17407 1
17419 17440 1
17440 16061 1
1746 1750 1
17471 1750 1
17471 17539 1
1750 17539 1
17556 17561 1
17577 17599 1
17577 17609 1
17599 17609 1
17599 1761 1
17609 1761 1
1761 17618 1
1761 1762 1
17618 1762 1
17618 7736 1
17620 17658 1
17636 17658 1
17658 1037 1
17658 17659 1
17745 17747 1
17745 17762 1
17747 17762 1
17762 17790 1
1777 17790 1
1777 17827 1
17790 17827 1
17833 1787 1
17833 17887 1
1787 17887 1
1787 1792 1
1792 17924 1
1792 17946 1
17924 3329 1
17946 17993 1
17966 17993 1
17993 18027 1
17993 18030 1
18027 18030 1
1805 18062 1
1805 1808 1
18062 563 1
18082 18087 1
18087 181 1
18087 18121 1
181 18121 1
18121 18128 1
18121 1813 1
1813 18165 1
1816 18165 1
18165 18177 1
18177 1819 1
1819 18197 1
1819 18212 1
18197 18221 1
18212 18221 1
18221 18315 1
18221 18330 1
18315 18332 1
18332 1835 1
18342 1835 1
18342 18415 1
18415 18438 1
18415 1844 1
18438 1844 1
18473 18512 1
18503 1852 1
1853 18534 1
1853 1854 1
18534 1854 1
1854 1855 1
1854 18574 1
1855 10135 1
186 36579 1
18642 18646 1
18642 18653 1
18653 18673 1
18673 1869 1
18673 18690 1
1869 18690 1
18731 18807 1
1879 18807 1
1879 18816 1
18816 18870 1
1887 18870 1
1887 18889 1
18870 18889 1
18928 18989 1
18928 19016 1
18989 19016 1
18989 1902 1
1902 1905 1
1902 19082 1
19091 19092 1
19092 181 1
19092 19099 1
19099 19111 1
19099 19126 1
19111 19126 1
19111 1913 1
19126 19174 1
1913 19174 1
1913 1921 1
19174 19232 1
1921 19233 1
19233 1926 1
19233 19260 1
19260 1928 1
19274 1928 1
19274 19301 1
1928 19310 1
19301 19310 1
19310 19323 1
19323 19342 1
19342 19348 1
19348 1935 1
19348 19356 1
1935 19372 1
19356 19372 1
19372 10271 1
19372 1938 1
1938 19397 1
1940 19401 1
1940 19425 1
19401 19437 1
19437 19442 1
19437 31673 1
19438 19442 1
19438 19479 1
19479 19487 1
19479 19505 1
19487 19505 1
19487 19529 1
19529 19546 1
19529 1956 1
19546 19582 1
1956 19582 1
19624 19626 1
19624 19645 1
19645 31073 1
19663 19677 1
19663 19701 1
19701 19740 1
19740 19755 1
1977 19791 1
1977 1983 1
19791 1983 1
1983 19837 1
1983 1987 1
19837 19881 1
1987 19881 1
1987 19899 1
19901 1992 1
19901 19955 1
1992 19955 1
19963 19985 1
19966 19985 1
19966 20014 1
20014 20039 1
20014 2004 1
20039 2004 1
20039 2006 1
2004 2006 1
2006 20061 1
20061 20094 1
20094 19397 1
20153 2021 1
20157 2021 1
20157 20226 1
20226 20236 1
20236 20246 1
20249 20288 1
20288 10012 1
20288 20316 1
20310 20319 1
20316 20368 1
20319 20372 1
20319 23698 1
20368 20419 1
20419 20428 1
20428 20440 1
20446 20450 1
20446 4092 1
20450 20485 1
2046 20485 1
20485 20502 1
20502 20521 1
20521 20525 1
20521 20529 1
20525 20529 1
20525 4175 1
20551 10547 1
20551 20590 1
20564 2061 1
20590 2061 1
2061 20619 1
2061 20647 1
20619 20647 1
20619 20690 1
20690 20692 1
20690 2076 1
20692 2076 1
20692 20773 1
20773 20840 1
20814 2087 1
20814 4747 1
20840 2087 1
20840 20882 1
2087 20896 1
20882 20896 1
20882 20898 1
209 2091 1
20902 2091 1
20926 2095 1
20943 2095 1
20943 2096 1
2096 10626 1
20999 2102 1
21015 2102 1
21090 21134 1
2115 21180 1
21180 21182 1
21180 2119 1
21182 2119 1
21182 21215 1
2119 2125 1
2125 21265 1
21270 21317 1
21270 2134 1
21317 21366 1
21317 7117 1
2134 21366 1
2134 2137 1
21366 21414 1
2137 21414 1
2137 2142 1
21414 2142 1
21420 21443 1
21420 21458 1
21513 21530 1
21513 21540 1
21530 21542 1
21542 21553 1
21553 21565 1
21553 21589 1
21589 21598 1
2160 21745 1
21745 21761 1
21759 2183 1
2183 21832 1
21889 21951 1
22017 22061 1
2204 22071 1
22061 22071 1
22061 22075 1
22071 22075 1
22071 22078 1
22078 20368 1
22088 2209 1
22088 22118 1
2209 22127 1
22118 222 1
22127 222 1
22127 9402 1
22221 1270 1
22221 22251 1
22248 22251 1
22251 22266 1
22262 22266 1
22262 2228 1
22266 2228 1
22266 22285 1
22285 22297 1
22297 22298 1
22298 22355 1
2234 16069 1
2234 22355 1
22355 3288 1
22428 2252 1
22555 22576 1
22555 22595 1
22576 22595 1
22576 2260 1
22595 1076 1
2260 22662 1
2260 22677 1
22662 22677 1
22662 22685 1
22685 2281 1
22758 2281 1
22817 2284 1
22817 22840 1
2284 22840 1
22840 22857 1
22855 22857 1
22855 2290 1
22857 7353 1
22942 22953 1
22942 2297 1
22953 2297 1
22953 9587 1
22997 23 1
22997 23008 1
23 2301 1
2301 2303 1
2303 23032 1
2303 23057 1
23032 23057 1
2313 23132 1
2313 2315 1
23132 23157 1
23157 23230 1
23230 23274 1
23230 23284 1
23274 1662 1
23284 23286 1
23284 2331 1
2331 2333 1
23329 2333 1
2333 6868 1
23403 23429 1
23429 23491 1
23429 9479 1
23502 2351 1
2351 2353 1
2351 2354 1
2353 23600 1
23600 23624 1
23600 23697 1
23624 23697 1
23624 9578 1
23698 23703 1
23698 2371 1
23703 2371 1
23749 14288 1
23766 23794 1
2380 23821 1
2380 3202 1
23817 23821 1
23821 2384 1
23821 23850 1
2384 23850 1
23931 23948 1
23931 23977 1
23977 23991 1
23991 23992 1
23991 23994 1
23992 23994 1
23994 2402 1
24011 24063 1
2402 24063 1
2402 24081 1
24081 2412 1
24105 2412 1
24105 24129 1
2412 24129 1
24135 24179 1
24135 2420 1
24179 2420 1
24179 24201 1
24201 24206 1
24201 24225 1
24234 24236 1
24236 24259 1
24236 2427 1
2427 24394 1
2427 2440 1
24394 2440 1
24394 2441 1
2441 2446 1
2446 2450 1
24490 24516 1
24516 24523 1
24516 2455 1
2455 24602 1
24572 24602 1
24572 24627 1
24602 24640 1
24627 24640 1
24640 24641 1
24641 2465 1
2465 24696 1
24696 247 1
24696 24717 1
247 24723 1
24717 24723 1
24723 2476 1
24723 3950 1
24727 2476 1
24773 2478 1
24773 2479 1
2478 24813 1
24813 2484 1
2484 2488 1
2484 24890 1
2488 10276 1
24890 249 1
24890 2492 1
249 2492 1
249 2493 1
2493 24941 1
2494 24946 1
24941 24946 1
24958 2497 1
24958 25046 1
2505 25084 1
2505 25122 1
25122 25224 1
25224 2523 1
25258 25278 1
25258 2532 1
25278 2532 1
2533 25341 1
2534 25341 1
2534 25349 1
25376 25386 1
25376 25398 1
25386 25398 1
25404 25416 1
25409 25416 1
25409 2884 1
25438 2546 1
25438 25467 1
2546 10243 1
2546 25664 1
25467 25664 1
25664 25667 1
25667 2571 1
2571 25715 1
2571 6589 1
25771 25774 1
25771 2578 1
2578 25828 1
2578 2585 1
25828 2585 1
25873 2588 1
2588 2589 1
2588 25913 1
2589 19342 1
25913 25916 1
25916 25926 1
25916 2595 1
25926 25956 1
25956 25988 1
25988 26 1
2604 20898 1
2604 26158 1
26131 2160 1
26158 17539 1
2616 26171 1
26171 26285 1
26285 26295 1
26285 26300 1
26295 26300 1
26295 2636 1
26300 2645 1
2636 2645 1
2645 2651 1
26489 2651 1
26513 2652 1
26513 35199 1
26558 26576 1
26558 2662 1
26576 2662 1
26576 26639 1
26662 26663 1
26662 26664 1
26663 26664 1
26663 26725 1
26664 2686 1
26725 2686 1
26725 26904 1
26916 2703 1
2696 2703 1
2704 27071 1
2705 10150 1
2705 27071 1
271 2714 1
2712 27147 1
2714 27147 1
2716 272 1
2724 2726 1
2725 2726 1
2725 2727 1
2726 5337 1
2728 27304 1
2737 27400 1
27400 27411 1
27400 2745 1
27411 2745 1
27411 2748 1
2745 27496 1
2748 27496 1
2748 27533 1
27496 27533 1
27538 10674 1
27538 2754 1
2754 27586 1
27586 2762 1
27596 27655 1
27596 4232 1
2762 2781 1
2781 27817 1
2781 2782 1
27817 1902 1
27817 2782 1
2793 2794 1
2799 2810 1
2810 28255 1
28158 14831 1
28297 28377 1
2838 28385 1
2848 28492 1
28487 285 1
28492 285 1
28492 28644 1
285 28644 1
285 2870 1
2870 28717 1
28717 2873 1
28717 2883 1
2873 28830 1
28830 2884 1
28830 2886 1
2886 6845 1
2887 28878 1
2887 28894 1
28878 28894 1
28894 2893 1
28899 2893 1
28899 2894 1
2893 2894 1
2893 28966 1
28966 2901 1
2901 2902 1
2902 2904 1
29035 2904 1
29035 7838 1
2904 2909 1
2909 2916 1
29210 29326 1
29210 29335 1
29326 29335 1
29326 2935 1
29335 2936 1
2935 2936 1
2935 29478 1
2936 29478 1
2936 295 1
2954 29586 1
29697 29767 1
29697 2979 1
29767 2979 1
2979 10212 1
2980 2984 1
2980 29952 1
2984 29952 1
29953 29998 1
29953 3010 1
29998 3010 1
29998 3013 1
3013 3017 1
3013 3019 1
3017 3022 1
3017 9973 1
3022 3026 1
3026 30292 1
3026 3031 1
30364 3038 1
30364 30417 1
3038 30452 1
30417 11160 1
30417 30452 1
30452 30468 1
30456 30468 1
30456 30547 1
30468 30547 1
30547 30553 1
30547 30576 1
30576 30598 1
30598 36447 1
3068 30701 1
30701 3071 1
30701 30712 1
30712 3076 1
3076 3077 1
3076 3082 1
3077 9391 1
3084 30873 1
3084 38757 1
30873 3088 1
30873 3091 1
3091 3092 1
3091 30926 1
3092 30926 1
3102 31073 1
3103 39082 1
31081 3111 1
3110 3111 1
3110 3116 1
3111 3116 1
3116 31161 1
3116 31164 1
31161 31164 1
3125 31305 1
31305 3137 1
3137 31495 1
3137 31500 1
31495 31500 1
31500 31539 1
31535 31583 1
31539 31583 1
31539 31585 1
31585 31673 1
31588 31673 1
31588 3177 1
31673 3177 1
3177 3186 1
31772 3186 1
31772 31887 1
3186 31887 1
3186 3194 1
3194 3195 1
3194 32 1
3202 321 1
321 3210 1
321 3212 1
3212 32148 1
3212 3217 1
32148 3217 1
32148 32182 1
32182 3230 1
3230 3232 1
3230 3234 1
3232 9005 1
32342 32357 1
32342 3240 1
3240 3243 1
3243 32577 1
3243 3270 1
32577 3271 1
3270 3271 1
3271 3274 1
3274 32771 1
32771 328 1
328 3287 1
32814 3288 1
3287 3288 1
3288 3291 1
3288 32933 1
3291 32933 1
3294 32940 1
3294 3296 1
32940 3304 1
3304 33065 1
33065 33089 1
33065 3310 1
33089 3310 1
3310 3312 1
3310 33122 1
3312 33122 1
3312 3315 1
3315 3329 1
3323 33385 1
3329 33385 1
33385 334 1
33385 3343 1
334 3343 1
334 33442 1
33448 33528 1
33448 3358 1
3358 3361 1
33586 3361 1
33586 33678 1
3361 5411 1
3370 21180 1
3370 4662 1
3384 33859 1
33880 3395 1
3394 3395 1
3394 33957 1
3401 34025 1
3401 3404 1
34025 3404 1
3404 34182 1
3404 9381 1
34114 342 1
34182 342 1
34182 3421 1
3421 34229 1
3421 3429 1
34229 14855 1
34229 3429 1
3429 34308 1
34308 3432 1
3432 10260 1
34370 14174 1
34370 3440 1
3446 34538 1
3446 3455 1
3455 3460 1
3455 3462 1
3460 33528 1
3462 34684 1
34684 34704 1
34704 34716 1
34704 3479 1
34716 3480 1
3479 3480 1
3480 34808 1
3480 34818 1
34808 1099 1
3483 3487 1
3487 7796 1
34967 34986 1
34986 35006 1
34986 3502 1
35006 3503 1
3502 3503 1
3503 3509 1
3509 7543 1
3510 3512 1
3510 3514 1
3514 35199 1
35143 35199 1
35199 35248 1
3520 2546 1
35293 3532 1
35293 35335 1
35335 3541 1
35335 35427 1
3541 35427 1
3541 3546 1
3546 3547 1
3547 3559 1
3547 356 1
3559 356 1
3559 3567 1
356 3568 1
3567 3568 1
3567 3575 1
35808 35829 1
3581 35829 1
3601 36039 1
3602 36039 1
3602 3606 1
3606 36071 1
3607 36071 1
3607 370 1
36071 3610 1
36100 3613 1
36100 3615 1
3616 3629 1
3623 3637 1
3623 4366 1
3629 36447 1
36447 3650 1
36505 36579 1
36505 3660 1
36579 3660 1
36579 3664 1
3660 3664 1
3660 36653 1
3664 36725 1
36653 36725 1
36653 3674 1
36725 8071 1
3688 3692 1
3688 370 1
3692 370 1
370 3707 1
37000 3707 1
37000 37115 1
3707 37250 1
37250 3736 1
37250 37371 1
3736 37371 1
3736 3739 1
3739 906 1
375 37612 1
3752 3767 1
37612 3767 1
3767 37699 1
3767 3784 1
37699 36653 1
379 38176 1
3819 382 1
3825 38374 1
3826 3840 1
38374 3840 1
38374 38419 1
3840 38419 1
3840 3842 1
3842 6627 1
3847 3856 1
3847 3862 1
3856 387 1
387 27400 1
387 3880 1
38757 38825 1
3880 38825 1
38825 3068 1
38825 3886 1
38841 17966 1
38891 25916 1
38891 3893 1
3893 11249 1
3893 3901 1
3901 2427 1
3901 3906 1
3906 39082 1
39082 8921 1
3914 3930 1
3924 3930 1
3924 3932 1
3930 394 1
394 39416 1
39423 3950 1
3945 3950 1
3945 3951 1
3950 3954 1
3951 3954 1
3951 39583 1
3954 39583 1
3965 3966 1
3967 3985 1
39697 10900 1
39697 3985 1
3985 39862 1
39862 3994 1
3987 3994 1
3987 40 1
3994 40 1
40024 4007 1
40024 40092 1
4007 40092 1
4007 4015 1
4015 4018 1
4015 40199 1
4018 40199 1
4018 4020 1
4020 4024 1
4024 40245 1
4024 4027 1
4028 40303 1
4028 4034 1
40303 4036 1
4034 4036 1
4034 4044 1
4036 4045 1
4044 4045 1
4044 40502 1
4045 44737 1
40502 40550 1
4057 4060 1
4060 40633 1
40633 1624 1
4064 4083 1
4064 4084 1
4084 4087 1
4087 4090 1
4087 4092 1
4090 40924 1
40924 410 1
40924 4102 1
410 4102 1
410 9600 1
4107 4115 1
4107 4124 1
4115 1777 1
4115 4124 1
41434 4157 1
4155 4157 1
4155 4158 1
4158 41589 1
4158 4160 1
41589 4160 1
41589 41678 1
4160 41678 1
41678 28158 1
41678 41702 1
41702 41722 1
41702 4174 1
4175 4198 1
4198 4206 1
4206 10007 1
4206 4207 1
4207 4227 1
4227 4232 1
4232 42320 1
4232 4233 1
4233 4241 1
42370 4241 1
42370 425 1
4241 425 1
425 4260 1
426 25873 1
426 4262 1
4260 25398 1
4265 15530 1
4265 4266 1
4266 4281 1
4285 4289 1
4289 4294 1
4289 42963 1
42963 43 1
42963 6419 1
43 4308 1
43 432 1
432 43290 1
43290 4332 1
43290 43360 1
4332 4340 1
4340 4346 1
4340 43463 1
43463 435 1
435 4351 1
4351 4366 1
4363 6635 1
43681 4374 1
4374 4383 1
4374 4385 1
4383 43869 1
4385 43886 1
43869 43886 1
43886 4399 1
43886 44 1
4399 44 1
4401 4409 1
4401 442 1
4409 4422 1
4422 18690 1
4424 4430 1
4424 4431 1
4430 4431 1
4431 1855 1
4431 4439 1
4439 4441 1
4439 4455 1
4441 4466 1
4455 447 1
4466 44737 1
447 44737 1
44737 4484 1
4484 4489 1
4484 4491 1
4499 4511 1
4511 4522 1
4512 4522 1
4512 453 1
4522 4441 1
45319 4538 1
45319 4541 1
4538 4541 1
45410 4554 1
45513 22262 1
45513 4554 1
4569 25341 1
4569 4580 1
4579 4580 1
4580 4585 1
4580 4586 1
4585 4590 1
4586 4590 1
4586 4604 1
4604 464 1
4621 464 1
4621 4640 1
464 4640 1
4640 46448 1
4640 4657 1
46448 4657 1
4665 46688 1
4665 4669 1
4669 467 1
4669 4671 1
467 4671 1
4671 4674 1
4674 1677 1
4677 46920 1
4677 46938 1
46920 470 1
470 4747 1
470 4755 1
4747 4759 1
4759 4776 1
4776 379 1
4779 4780 1
4780 4781 1
4780 4795 1
4781 4797 1
4795 4797 1
4797 4801 1
4801 4821 1
4821 483 1
4821 4830 1
4830 484 1
4836 484 1
484 4842 1
484 4852 1
4842 4852 1
4857 4858 1
4857 4866 1
4866 487 1
4866 4871 1
487 4871 1
487 4872 1
4871 4873 1
4872 4873 1
4873 4885 1
4873 4902 1
4885 4902 1
4885 4921 1
4902 14755 1
4921 4922 1
4921 495 1
4956 4958 1
4956 496 1
4958 496 1
4962 4975 1
4966 4975 1
4966 4980 1
4980 5006 1
4989 5006 1
4989 5008 1
5006 5008 1
5014 5021 1
5014 5028 1
5047 5066 1
5064 5066 1
5064 5068 1
5066 5070 1
5070 5073 1
5084 5091 1
5084 9275 1
5091 5092 1
5091 5095 1
5092 12056 1
5092 5095 1
5095 511 1
5096 23850 1
5096 5119 1
511 5119 1
5133 5136 1
5136 5150 1
5150 10190 1
5156 516 1
5156 5160 1
516 5160 1
516 5161 1
5161 5171 1
5161 5178 1
5171 5178 1
5171 518 1
518 710 1
5187 519 1
5187 5191 1
519 5211 1
5191 5211 1
5211 5217 1
5211 5219 1
5217 5221 1
5221 5227 1
5240 5250 1
5250 5257 1
5257 5267 1
5266 527 1
5267 527 1
5267 5280 1
527 5280 1
527 5282 1
5282 5301 1
5301 5305 1
5301 5307 1
5314 5317 1
5314 5320 1
5317 5330 1
5320 5330 1
5330 1606 1
5330 5347 1
5337 5347 1
5353 5354 1
5353 5363 1
5354 5363 1
5354 5364 1
5364 5376 1
5364 592 1
5365 5376 1
5376 5377 1
5377 539 1
5386 2523 1
5386 5390 1
539 868 1
5392 5411 1
5415 5420 1
5419 5420 1
5419 5427 1
5420 543 1
5427 543 1
5427 5430 1
543 5430 1
5435 5438 1
5439 5443 1
5440 5443 1
5440 5444 1
5443 5444 1
5444 5460 1
5458 5460 1
5460 5462 1
5467 10215 1
5467 5474 1
5474 15745 1
5474 5481 1
5481 5482 1
5481 5486 1
5482 5486 1
5482 5488 1
5486 5488 1
5488 5489 1
5489 5490 1
5489 5512 1
5512 5546 1
5546 5547 1
5546 5549 1
5547 5562 1
5549 5562 1
5549 5565 1
5562 5584 1
5565 5584 1
5565 5591 1
5584 5591 1
5591 5598 1
5601 5612 1
5602 5612 1
5602 5613 1
5612 5627 1
5627 563 1
563 5630 1
563 5632 1
5632 5633 1
5633 5638 1
5635 564 1
564 5648 1
564 5658 1
5648 5658 1
5648 566 1
566 5665 1
566 5666 1
5665 5666 1
5665 5670 1
5666 5670 1
5670 14002 1
5673 5684 1
5673 5706 1
5706 5715 1
5706 5720 1
5715 5720 1
5715 573 1
5720 573 1
573 5742 1
573 5764 1
5742 10279 1
5742 5779 1
5782 5783 1
5782 5790 1
5790 5810 1
5810 5821 1
5810 5827 1
5821 5827 1
5827 5845 1
5845 5849 1
5845 5862 1
5862 588 1
5876 588 1
5876 5885 1
588 5885 1
5885 589 1
5888 589 1
5888 5890 1
589 5890 1
5894 59 1
5898 59 1
5902 592 1
5906 592 1
5906 5921 1
5921 5924 1
5921 5932 1
5924 5932 1
5924 5942 1
5942 5948 1
5948 3893 1
5948 5954 1
5954 5959 1
5954 5982 1
5982 5984 1
5982 5987 1
5994 6001 1
6001 6018 1
6008 6018 1
6018 10024 1
6018 6024 1
6024 6038 1
6038 6045 1
6038 6056 1
6045 6059 1
6056 6068 1
6059 6068 1
6068 6069 1
6068 6071 1
6073 6084 1
6073 6097 1
6084 6104 1
6104 6113 1
6113 6119 1
6113 6120 1
6119 6120 1
6120 22816 1
6120 6127 1
6127 6135 1
6127 6136 1
6135 614 1
6136 10081 1
614 6161 1
6146 6161 1
6161 6183 1
6183 6187 1
6183 6190 1
6190 6193 1
6190 6196 1
6193 6206 1
6206 623 1
622 24129 1
622 623 1
623 6233 1
6236 6241 1
6236 6242 1
6241 6242 1
6243 8509 1
6245 6261 1
6245 6265 1
627 6270 1
627 6272 1
6270 6272 1
6272 6286 1
6272 9122 1
6281 6287 1
6286 32148 1
6286 6287 1
6289 6299 1
6296 6299 1
6296 6316 1
6299 6316 1
6316 6320 1
6316 6323 1
6320 6323 1
6320 6325 1
6332 6337 1
6332 6344 1
6344 635 1
6344 6355 1
635 6355 1
635 6357 1
6355 21542 1
6357 6367 1
6367 6369 1
6367 6370 1
6369 6370 1
6369 6372 1
6372 34370 1
6372 6379 1
6379 7619 1
6394 64 1
64 6414 1
6414 6419 1
6419 6424 1
6419 6425 1
6424 6427 1
6425 6427 1
6427 3532 1
6427 6435 1
6428 6445 1
6445 6448 1
6447 6456 1
6448 6457 1
6456 6457 1
6457 6458 1
6457 6468 1
6458 6468 1
6475 6479 1
6475 649 1
649 6494 1
649 6499 1
6494 10271 1
6494 6499 1
6499 6509 1
6508 6509 1
6509 6523 1
6509 6531 1
6523 6531 1
6523 6532 1
6532 6538 1
6532 6539 1
6538 6544 1
6544 6560 1
6544 6562 1
6560 6562 1
6577 295 1
6577 6585 1
6585 6589 1
6585 6610 1
6610 6622 1
6622 1238 1
6635 1584 1
6635 6649 1
6646 6649 1
6654 6662 1
6657 6662 1
6657 6669 1
6662 1316 1
6671 67 1
6671 6700 1
6700 19438 1
6700 6718 1
6718 10768 1
6718 6729 1
6727 6729 1
6727 6730 1
6729 10842 1
6730 16323 1
6730 6743 1
6733 6743 1
675 25122 1
675 6758 1
6757 6758 1
6758 676 1
676 6765 1
676 677 1
6765 39423 1
6765 6771 1
6771 6781 1
6771 6784 1
6781 6784 1
6781 6786 1
6786 6840 1
6840 2915 1
6840 6841 1
6841 6845 1
6843 6845 1
6845 6846 1
6845 6848 1
6846 6849 1
6849 6854 1
6854 6867 1
6864 6867 1
6867 6868 1
6868 1241 1
6868 6875 1
6869 6879 1
6875 6879 1
6875 6883 1
6879 6891 1
6891 6894 1
6894 6901 1
6906 6909 1
6906 6911 1
6909 692 1
6911 692 1
692 6927 1
692 6930 1
6927 6930 1
6927 6932 1
6932 6944 1
6932 6952 1
6944 6952 1
6944 6957 1
6957 6958 1
6957 696 1
6958 696 1
696 382 1
6962 6972 1
6971 6972 1
6971 6977 1
6987 6989 1
6987 6996 1
6989 6996 1
700 7004 1
7004 7005 1
7004 7011 1
7005 7012 1
7011 7012 1
7011 7013 1
7012 27071 1
7012 7013 1
7021 7033 1
7040 7045 1
7042 7045 1
7042 7047 1
7045 7047 1
7047 7054 1
7049 7054 1
7054 7059 1
706 7066 1
706 7082 1
7066 7082 1
7066 7085 1
7085 4466 1
7085 7086 1
7086 7089 1
7086 7090 1
7089 7090 1
7090 710 1
710 7104 1
710 7109 1
7109 7117 1
7117 7119 1
7117 7121 1
7119 7122 1
7121 7122 1
7121 7126 1
7122 14153 1
7122 7126 1
7126 7134 1
7126 7142 1
7134 7142 1
7142 7143 1
7152 7188 1
718 7188 1
718 72 1
7188 7203 1
7203 7204 1
7204 7205 1
7206 3017 1
7209 7211 1
7209 7213 1
7211 7215 1
7215 10171 1
7215 723 1
7225 723 1
7225 7232 1
7232 726 1
7232 8951 1
7233 726 1
7233 7264 1
7264 727 1
7267 727 1
7267 7276 1
7276 7291 1
7276 7302 1
7291 7302 1
7291 7308 1
7302 15106 1
7308 464 1
7308 7309 1
7309 7318 1
7309 7319 1
7318 7319 1
732 7332 1
732 7334 1
7334 7336 1
7336 7343 1
7336 7345 1
7343 7345 1
7343 7353 1
7345 736 1
736 7370 1
7373 7395 1
7375 7395 1
7395 7402 1
7402 7429 1
7425 7429 1
7425 7432 1
7429 7432 1
7443 7450 1
7446 7450 1
7452 7456 1
7453 7456 1
7453 7480 1
7480 7481 1
7480 7495 1
7481 7495 1
7481 7501 1
7501 751 1
751 7512 1
7512 7517 1
7512 7526 1
7526 7528 1
7526 7535 1
7528 7537 1
7537 7538 1
7538 754 1
7538 7543 1
754 7543 1
7543 7544 1
7543 7550 1
7544 7551 1
7551 12355 1
7551 7557 1
7557 7559 1
7558 756 1
7559 756 1
756 7560 1
756 7564 1
7580 7592 1
7580 7596 1
7592 7597 1
7597 7598 1
7598 760 1
7598 7602 1
760 20419 1
7602 7604 1
7602 7619 1
7604 7619 1
7604 762 1
7619 7625 1
762 7646 1
7625 7647 1
7646 7647 1
7646 7672 1
7647 7672 1
7672 768 1
7672 7683 1
768 7683 1
7683 7688 1
7683 7695 1
7688 7703 1
7703 7712 1
7705 7712 1
7705 7715 1
7712 7715 1
7712 7723 1
7723 24129 1
7723 7732 1
7729 7732 1
7735 7752 1
7736 7752 1
7756 7761 1
7756 7779 1
7761 7779 1
7779 7780 1
7779 7784 1
7780 7788 1
7784 7788 1
7784 779 1
779 7796 1
7796 7797 1
7797 26158 1
7797 782 1
7804 782 1
7804 7822 1
782 7822 1
7838 3038 1
7838 7852 1
7857 786 1
7859 786 1
7859 7863 1
786 3077 1
7863 7864 1
7864 7866 1
7864 7882 1
7866 7882 1
7866 7899 1
7899 7901 1
7899 7919 1
7901 7919 1
7922 793 1
793 7930 1
793 7932 1
7932 7944 1
7944 7947 1
7944 7952 1
7947 7953 1
7952 7953 1
7953 15496 1
7953 7968 1
7968 8007 1
8007 8018 1
801 8024 1
8018 8026 1
8024 8026 1
8026 8031 1
8026 8036 1
8031 8036 1
805 807 1
807 8071 1
807 8079 1
8071 8079 1
8071 808 1
8079 808 1
8079 8086 1
808 8086 1
8086 8092 1
8086 8096 1
8092 8096 1
8092 810 1
810 8115 1
810 814 1
8115 8141 1
8141 527 1
8141 8146 1
8142 8146 1
8152 8160 1
8152 8162 1
8160 8162 1
8160 8172 1
8172 8177 1
8177 8178 1
8181 8196 1
8181 8200 1
8196 8200 1
8204 8216 1
8216 8228 1
8228 10678 1
8228 8230 1
8234 8261 1
8234 8279 1
8261 8280 1
8279 8280 1
8279 8283 1
8280 8292 1
8283 15988 1
8283 8293 1
8294 8297 1
8294 8300 1
8297 7020 1
8300 8314 1
8314 8318 1
8314 8343 1
8318 8343 1
8318 835 1
835 8365 1
835 8384 1
8365 8384 1
8365 8386 1
8386 8389 1
8389 84 1
8389 8401 1
84 8404 1
8401 295 1
8404 8420 1
8404 8421 1
8420 8425 1
8425 8430 1
8430 8435 1
8431 8435 1
8435 8438 1
8438 8446 1
8438 8451 1
8446 8452 1
8451 45319 1
8451 8460 1
8452 8466 1
8466 8496 1
8496 8509 1
8522 3026 1
8522 8523 1
8523 1014 1
853 8530 1
8530 8531 1
8530 8533 1
8531 857 1
857 8572 1
857 9955 1
8570 8572 1
8570 8573 1
8573 8583 1
8573 8598 1
8583 10107 1
8583 8598 1
8598 8600 1
8600 6242 1
8609 8614 1
8609 8650 1
8651 8652 1
8651 8664 1
8652 8664 1
8668 8670 1
8670 17539 1
8670 6045 1
868 8687 1
8680 8687 1
8680 8695 1
8700 8704 1
8705 8721 1
8711 8721 1
8711 8726 1
8721 8726 1
8726 8734 1
8734 8738 1
8739 8743 1
8739 875 1
8743 33065 1
8743 8753 1
8753 8756 1
8753 8758 1
8756 8758 1
8756 8762 1
8762 877 1
877 12254 1
877 8775 1
8777 8781 1
8781 8788 1
8781 8790 1
8788 8802 1
8790 8802 1
8790 8803 1
8802 8803 1
8802 8809 1
8803 8815 1
8809 8815 1
8815 8821 1
8822 8830 1
8824 10123 1
8824 8854 1
8830 8865 1
8865 15886 1
8872 8880 1
8885 12467 1
8886 8903 1
8886 8921 1
8903 8929 1
8929 8938 1
8929 8944 1
8938 8951 1
8951 896 1
8951 8966 1
896 8967 1
8967 8975 1
897 8975 1
897 8977 1
8977 8980 1
8977 8983 1
8980 8983 1
8980 8985 1
8983 8985 1
8985 8989 1
8985 8998 1
8989 8998 1
8989 9 1
8998 9 1
9000 9001 1
9000 9005 1
9005 9006 1
9006 9009 1
9006 9012 1
9009 9012 1
9009 902 1
9012 9022 1
9022 9040 1
9044 9069 1
906 9069 1
9069 9080 1
9080 9095 1
9087 9095 1
9087 9100 1
9104 9122 1
9106 9122 1
9131 9145 1
9136 9145 1
9136 9148 1
9148 9152 1
9148 9158 1
9152 9158 1
9152 9165 1
9158 9165 1
9165 9174 1
9174 9190 1
9190 7544 1
9190 920 1
9200 3022 1
9200 9228 1
9223 923 1
9228 923 1
9228 9237 1
923 9237 1
9237 9239 1
9239 925 1
925 9250 1
925 9254 1
9250 9265 1
9265 13528 1
9265 9275 1
9275 1819 1
9290 93 1
9296 93 1
93 12472 1
93 9300 1
9347 2209 1
9347 9360 1
9360 9373 1
9373 9375 1
9375 938 1
9375 9381 1
9381 9388 1
9388 9391 1
9388 9402 1
9391 9404 1
9402 9410 1
9404 15921 1
9423 9425 1
9425 9427 1
9425 943 1
943 9436 1
943 9437 1
9436 9438 1
9437 9439 1
9438 944 1
9439 944 1
9439 9453 1
944 9453 1
944 9456 1
9456 9472 1
9456 9479 1
9472 9479 1
9480 9506 1
9498 7604 1
9549 9550 1
9549 9554 1
9550 9554 1
9554 9582 1
9578 9583 1
9582 9583 1
9584 9587 1
9587 9592 1
9592 9593 1
9592 9600 1
9593 9600 1
9593 9606 1
9600 10132 1
9619 964 1
9619 9647 1
9647 966 1
965 966 1
965 9669 1
966 9549 1
966 9672 1
9669 9672 1
9672 969 1
9672 9690 1
969 9690 1
969 9697 1
9697 971 1
9697 9713 1
971 9713 1
9717 9718 1
9718 9723 1
9718 9735 1
9735 974 1
9735 9755 1
974 9755 1
974 9756 1
9756 9759 1
9759 976 1
9759 9762 1
976 9770 1
9770 9786 1
9774 9790 1
9786 38841 1
9790 980 1
980 9808 1
980 9835 1
9808 9835 1
985 4232 1
9863 9874 1
987 9874 1
987 9897 1
9874 4294 1
9874 9903 1
9897 9903 1
9897 9910 1
9903 9910 1
9910 992 1
9910 9924 1
992 9926 1
9926 993 1
9926 9930 1
993 9931 1
9930 9940 1
9931 9940 1
9931 9941 1
9940 9402 1
9940 9941 1
9944 9945 1
9944 9952 1
9945 11344 1
9945 9952 1
9955 9980 1
9980 9997 1
