5434 13691 1
44737 10433 1
11300 2412 1
1316 22075 1
2260 2901 1
4439 6849 1
7647 35427 1
10054 7646 1
1740 2061 1
12958 12274 1
15818 7011 1
16833 10305 1
5902 5902 1
24011 12022 1
14580 675 1
7375 22816 1
12736 2901 1
9770 11259 1
17251 5171 1
22285 3019 1
26489 10634 1
15334 3510 1
1928 13961 1
16061 7085 1
10036 10064 1
12958 10152 1
19701 1269 1
16064 10081 1
11269 9944 1
10196 10297 1
9944 1509 1
16676 10572 1
2096 6958 1
12254 13990 1
7085 5307 1
13295 19174 1
10281 16833 1
30598 7432 1
10064 5092 1
18082 6531 1
11891 3361 1
3312 2096 1
8496 5178 1
1089 1316 1
3674 19437 1
10196 13644 1
30598 3924 1
9786 5227 1
8466 24717 1
16061 1316 1
1971 8162 1
22816 15970 1
5317 7004 1
17210 17471 1
835 7672 1
10064 11249 1
4374 3856 1
835 3315 1
12056 15818 1
24225 1762 1
27411 35829 1
3202 5257 1
11891 10093 1
21420 8583 1
11321 7225 1
7085 10709 1
4522 768 1
10027 6068 1
10242 20690 1
6848 8824 1
10037 13551 1
10152 4206 1
18082 11686 1
12958 732 1
7543 40924 1
10036 6448 1
9190 10232 1
18082 13785 1
7543 2354 1
14613 9944 1
1316 7395 1
6414 2848 1
3547 37115 1
3825 10258 1
8989 28894 1
14869 12312 1
19437 10735 1
11955 8036 1
2848 12254 1
8788 16061 1
5021 19479 1
30598 10036 1
7953 21134 1
9498 17287 1
1005 8732 1
5307 10582 1
8036 4989 1
10135 4489 1
15309 9910 1
5307 9755 1
39583 7538 1
29035 1166 1
573 9290 1
5443 32182 1
2979 32577 1
22266 1032 1
8036 10265 1
8732 10435 1
4028 835 1
15515 2915 1
11273 7537 1
31161 17210 1
1316 5307 1
15530 10735 1
7592 40092 1
10052 4873 1
3825 16009 1
7953 12572 1
1028 6056 1
25258 9582 1
2052 6468 1
1928 7395 1
12958 3510 1
13481 5092 1
19901 11242 1
10572 17251 1
19899 16947 1
3674 3629 1
19791 8756 1
8234 10132 1
1020 10572 1
573 15539 1
7526 9944 1
16937 11820 1
5330 2745 1
15818 675 1
45 1022 1
3674 8079 1
25122 3361 1
2578 2901 1
19093 18574 1
5066 2984 1
3985 10132 1
10096 12744 1
10212 32814 1
10305 4441 1
7395 12174 1
20368 1746 1
64 19740 1
5849 11321 1
3906 11920 1
9200 30598 1
44737 8815 1
10035 10830 1
14378 5092 1
5171 8115 1
12854 33065 1
5364 13838 1
9554 19425 1
5006 19985 1
2303 10152 1
38891 8234 1
13048 22816 1
6649 10211 1
6662 1194 1
10212 43463 1
10152 23992 1
10457 11300 1
4036 5047 1
1089 36071 1
11521 6765 1
6662 573 1
5849 10842 1
28377 5171 1
8297 10132 1
20319 8343 1
40550 9290 1
10035 9300 1
10037 10502 1
30547 17946 1
285 5307 1
4873 2901 1
7225 10309 1
1037 10069 1
16230 2901 1
17404 7456 1
15970 3440 1
1584 39423 1
5443 34704 1
1553 4866 1
10119 10814 1
2478 21889 1
7450 15254 1
10152 5092 1
1025 2848 1
13807 10196 1
5021 6662 1
10582 7059 1
7538 2412 1
2703 16833 1
16139 4340 1
4586 10048 1
3177 7402 1
14947 16708 1
9897 16230 1
2183 5481 1
20094 6281 1
28487 5307 1
1509 20061 1
15314 14755 1
2412 34308 1
7968 12572 1
31772 11090 1
16833 12361 1
14947 3071 1
10158 10037 1
12399 14837 1
9600 3502 1
9190 1003 1
2087 5666 1
29478 23329 1
6846 1055 1
10285 2724 1
13183 18989 1
9228 2440 1
10395 46920 1
2571 4873 1
22219 16124 1
10444 10170 1
483 16061 1
22285 15818 1
8435 563 1
12399 573 1
3502 4340 1
5489 2465 1
11273 4604 1
15548 30364 1
10272 3076 1
13710 5119 1
10572 10132 1
8775 5443 1
43886 30598 1
19442 13959 1
14947 5665 1
16370 10048 1
10069 9647 1
11220 14002 1
10379 12837 1
1094 19093 1
1316 5584 1
1234 9290 1
10258 1852 1
2696 12355 1
5221 3125 1
7715 8435 1
9582 1027 1
16370 16627 1
5994 5547 1
10582 573 1
10035 12854 1
9290 272 1
16833 26131 1
1928 10023 1
16061 10313 1
5307 12626 1
1697 1099 1
10735 10037 1
5984 896 1
13315 2848 1
12275 11295 1
8885 5439 1
10769 19126 1
24236 11836 1
5307 15161 1
3455 1709 1
10572 11269 1
17053 11249 1
16230 9044 1
13183 14195 1
10258 835 1
4015 10073 1
563 40092 1
12200 10273 1
44737 10037 1
41678 2727 1
16061 10582 1
9087 7560 1
16061 2571 1
11904 11269 1
8885 7797 1
14947 12107 1
7089 22285 1
8386 20288 1
5307 5136 1
1316 7334 1
5161 24516 1
588 11920 1
10181 1928 1
9275 31887 1
31073 9600 1
2794 35006 1
1370 3296 1
16833 2595 1
26295 26639 1
6906 4260 1
11521 543 1
28644 3271 1
7953 20372 1
10258 30598 1
17407 11220 1
5307 5849 1
4873 7033 1
10258 8279 1
8026 8435 1
18438 6196 1
7986 10196 1
3895 20619 1
22088 6325 1
6069 2061 1
10582 10089 1
3077 17790 1
10276 15422 1
3601 1940 1
6323 11997 1
19093 10179 1
3825 5021 1
10542 2984 1
10568 9903 1
2848 14001 1
44737 7395 1
6367 10150 1
10572 14338 1
18673 5393 1
15179 7683 1
16098 10116 1
9973 43886 1
2571 9600 1
10258 9165 1
808 10735 1
10136 17008 1
10250 2333 1
13574 5984 1
4873 6621 1
10124 614 1
11269 857 1
10035 965 1
10582 3102 1
4569 5028 1
9973 15254 1
7066 14002 1
12960 5764 1
6610 10572 1
1437 3842 1
1618 7703 1
12006 8234 1
10130 7452 1
15818 1805 1
2762 14288 1
6206 7456 1
4285 7309 1
19348 9973 1
40092 18082 1
20316 1322 1
39082 3825 1
2412 19016 1
18653 10075 1
17251 13768 1
6008 25386 1
10315 5021 1
7863 5092 1
1493 9944 1
8146 6045 1
8177 3886 1
17577 16061 1
5021 8824 1
10132 8614 1
7456 17251 1
17658 10258 1
9944 2716 1
11773 10036 1
7857 22285 1
6840 10035 1
18989 4873 1
19899 334 1
7142 1222 1
8944 321 1
9770 6654 1
8234 46938 1
1940 7090 1
10035 5307 1
11300 3082 1
1316 7011 1
5932 13183 1
12622 3092 1
10435 9 1
835 36100 1
16833 12616 1
11090 11773 1
2440 7551 1
10035 1928 1
7308 786 1
1316 29767 1
22816 7481 1
13750 19837 1
5021 4289 1
43360 15649 1
6727 8966 1
17210 10267 1
1089 9290 1
4554 2006 1
1316 10674 1
2125 29326 1
20368 12626 1
10152 6784 1
8146 754 1
7225 9944 1
10109 8200 1
5547 5092 1
64 1089 1
10444 5133 1
13807 8505 1
2984 3674 1
181 16370 1
31254 16064 1
27533 10132 1
7225 30598 1
10046 12626 1
573 1855 1
5191 6337 1
1076 14378 1
6577 8700 1
1077 20288 1
12837 4830 1
4439 10058 1
1622 24011 1
21317 8668 1
853 2441 1
9897 3688 1
10945 10715 1
2748 2901 1
5307 11270 1
12472 37000 1
8809 9770 1
5161 10769 1
3847 10232 1
11387 10506 1
10572 7882 1
7538 1414 1
10938 10735 1
10212 6972 1
17251 1750 1
12532 13429 1
3965 13148 1
64 13183 1
3510 13481 1
10572 10857 1
40 6757 1
1270 12217 1
10514 12776 1
993 15254 1
10059 10151 1
10026 10086 1
5156 2901 1
10228 19582 1
13973 9290 1
10232 17827 1
10152 573 1
14535 4015 1
3606 835 1
5187 2901 1
12900 4466 1
12006 2494 1
10079 1108 1
14855 5443 1
5742 573 1
1028 8293 1
10634 11767 1
1108 7857 1
24206 2478 1
4873 17251 1
15763 1808 1
4233 1405 1
835 10572 1
10212 4158 1
8280 2061 1
8204 9456 1
5307 2351 1
24011 10444 1
11957 18928 1
12254 13032 1
23286 4821 1
10152 24011 1
186 15970 1
17251 1316 1
5479 20153 1
12006 573 1
7345 2712 1
5984 3512 1
10152 1019 1
768 12295 1
4057 1316 1
7020 11534 1
835 573 1
10215 6236 1
22298 6930 1
14058 12056 1
12496 9145 1
10037 3274 1
17210 21443 1
10204 516 1
10572 8762 1
7085 2441 1
3532 11331 1
15171 10212 1
17008 4554 1
4206 5217 1
10212 16098 1
10014 1108 1
897 8865 1
10582 8007 1
356 5948 1
14002 17008 1
7033 21745 1
6509 4090 1
14932 2533 1
16833 3092 1
24179 13183 1
40502 7225 1
13183 573 1
9388 10089 1
676 10150 1
2571 16055 1
8213 1509 1
10047 17420 1
158 22219 1
272 516 1
14002 12736 1
9593 12369 1
15619 16061 1
1359 12565 1
3312 8704 1
10137 1370 1
2848 13881 1
12659 5420 1
9453 6671 1
10048 17008 1
17251 93 1
1076 1238 1
2984 9290 1
8695 4260 1
10232 22942 1
10261 5488 1
16064 23698 1
13267 11836 1
30468 2571 1
36039 3287 1
11220 1141 1
10172 10064 1
12837 3664 1
16061 13974 1
5227 10171 1
10893 11625 1
379 1316 1
18221 16062 1
9239 7225 1
5849 14082 1
1029 4232 1
9437 1624 1
10169 41434 1
25224 1940 1
7456 1020 1
6233 10572 1
10258 10300 1
14600 10174 1
22840 13 1
516 13183 1
2984 8204 1
1108 1509 1
9456 14082 1
26209 100 1
8007 12837 1
12736 12399 1
7395 10258 1
13173 4233 1
19356 12420 1
16061 5160 1
7211 7425 1
464 3291 1
2904 2848 1
15179 1724 1
4409 17251 1
4966 2714 1
10258 3674 1
44737 8007 1
19274 2848 1
573 573 1
2686 12736 1
10444 14378 1
11891 46448 1
34917 28158 1
12626 21553 1
10845 12626 1
5092 4233 1
10735 12254 1
10036 5347 1
13315 1509 1
14818 3606 1
3736 19899 1
19401 10069 1
10444 511 1
36653 7225 1
7045 13412 1
11269 11564 1
11300 6018 1
10029 33448 1
34538 10264 1
2571 1010 1
10572 23977 1
39862 10246 1
3343 5443 1
5021 7558 1
22251 10036 1
3739 15021 1
5613 67 1
7538 805 1
2412 5984 1
43886 12640 1
14001 10296 1
30598 16061 1
15745 16161 1
8664 5171 1
64 10048 1
24717 14947 1
129 10101 1
34370 19755 1
9944 10048 1
10186 8365 1
10033 9770 1
5890 10196 1
16017 10090 1
4027 7953 1
16241 2984 1
10140 2901 1
16858 19093 1
7736 1028 1
20014 3310 1
17407 7882 1
10037 16630 1
1279 4499 1
1928 30598 1
18082 2886 1
24641 10132 1
30605 2313 1
7538 14830 1
17008 10313 1
2204 8176 1
9897 2762 1
23624 31073 1
17251 23230 1
7395 13183 1
15179 17407 1
10572 21598 1
10037 10236 1
12855 4340 1
14002 10069 1
16061 21761 1
28297 23697 1
8234 2728 1
31500 5307 1
8803 10251 1
5171 7373 1
3568 7204 1
4340 12958 1
10298 6245 1
10167 5307 1
5084 6996 1
5171 10232 1
12854 16061 1
9152 27533 1
8318 5849 1
8809 16064 1
2984 8234 1
19342 21598 1
11891 10233 1
1089 12682 1
10035 11730 1
6700 4015 1
10496 13451 1
29697 10183 1
44737 31073 1
6385 17210 1
1647 5849 1
1370 5320 1
1003 5434 1
34308 11242 1
7085 5227 1
1108 5443 1
10037 1506 1
8966 16833 1
36653 10572 1
67 1928 1
10632 1002 1
16354 27655 1
3312 4020 1
10035 8234 1
976 1028 1
31073 10305 1
24717 27538 1
7930 14951 1
10099 11070 1
5021 1099 1
8824 11300 1
12685 9980 1
12958 5307 1
1028 21589 1
25278 4036 1
10833 2901 1
19837 13183 1
10258 12606 1
13807 2645 1
7456 2762 1
10193 5307 1
10988 10082 1
5070 5021 1
12748 7932 1
9456 34308 1
11562 4590 1
10067 11391 1
10132 15665 1
9924 17636 1
10096 4857 1
10407 12748 1
7922 17609 1
5959 868 1
768 13807 1
8086 6784 1
6875 1009 1
1370 7143 1
12736 4332 1
21832 15658 1
11920 1020 1
4233 20814 1
22816 4281 1
7857 5227 1
5307 272 1
7882 24011 1
10735 67 1
25341 4233 1
5547 3784 1
15818 5307 1
40924 38757 1
2662 12855 1
9593 15052 1
5845 7011 1
9973 12854 1
36653 7054 1
4399 3606 1
5047 5092 1
6296 1099 1
10444 8234 1
4207 8343 1
16833 1992 1
5317 4155 1
30456 10582 1
7538 5021 1
16194 3487 1
7538 10615 1
9290 3294 1
1110 9131 1
10115 2651 1
10148 24234 1
20316 16061 1
11128 5092 1
17993 10232 1
14849 28377 1
15818 17205 1
32357 9391 1
11344 16647 1
3084 2848 1
10152 15818 1
10258 12254 1
34716 16708 1
7085 2686 1
10225 19323 1
10212 5307 1
11521 11891 1
5443 13183 1
7225 1273 1
18807 15748 1
12837 10212 1
23502 13807 1
2096 573 1
10735 10572 1
14943 15818 1
8160 2984 1
2096 33880 1
10132 5227 1
7791 7225 1
14947 7857 1
768 5849 1
28158 11836 1
9600 10182 1
5171 7598 1
13010 18816 1
2571 4373 1
9145 10238 1
24011 5307 1
4778 17210 1
14174 14947 1
9360 5227 1
4484 10572 1
20316 5924 1
6409 11891 1
24234 7085 1
7225 5821 1
14226 13081 1
4779 4836 1
19546 5092 1
8985 1373 1
295 27533 1
5161 12854 1
12056 35335 1
1316 5415 1
19837 1740 1
2209 5021 1
4351 11565 1
6909 1977 1
6845 12254 1
6379 3880 1
20564 6187 1
8146 7456 1
10735 3602 1
312 1852 1
516 44737 1
16833 10037 1
13213 30576 1
10572 10478 1
22816 17008 1
12175 7761 1
8280 102 1
10273 7882 1
10213 22816 1
10209 15329 1
18673 7597 1
6479 835 1
7225 3575 1
7559 11920 1
12 5684 1
13183 22285 1
16833 21745 1
7049 4873 1
21215 10036 1
17618 10270 1
10223 23274 1
2571 10132 1
38419 9290 1
19837 14240 1
10069 801 1
12855 13183 1
12494 1094 1
2390 4092 1
12399 15 1
5444 8435 1
8036 7122 1
8234 10282 1
3446 14947 1
10029 8172 1
4677 8234 1
768 30598 1
1648 7857 1
21270 1316 1
5364 15444 1
10263 6236 1
1316 4206 1
8294 8234 1
1003 5021 1
10152 22816 1
10152 11424 1
768 5658 1
10572 16061 1
19963 10258 1
10196 12194 1
1113 64 1
17251 835 1
8389 13336 1
17440 1173 1
22285 10196 1
10273 6868 1
11259 14039 1
19837 11836 1
675 12626 1
10152 14816 1
7947 14699 1
15693 16064 1
9290 10572 1
8018 10572 1
1509 19093 1
10037 3906 1
10444 11899 1
11719 10305 1
10572 17251 1
10132 1509 1
24602 3304 1
1316 8036 1
1370 7754 1
31073 6146 1
13573 16063 1
12958 3312 1
4511 3421 1
7968 10242 1
3546 11249 1
10356 8146 1
13121 16323 1
10205 1028 1
12736 1003 1
15254 13187 1
10043 10131 1
22251 4873 1
835 12254 1
33065 34308 1
9600 10245 1
6854 9600 1
10231 9600 1
25873 6539 1
10572 6435 1
10258 2061 1
18342 17062 1
1461 40303 1
8343 13627 1
12642 18082 1
11078 19645 1
3404 12527 1
24641 33065 1
7538 19232 1
10758 6944 1
5512 30452 1
2571 10147 1
3116 7859 1
11220 44737 1
10089 9347 1
930 9600 1
10037 17210 1
7395 37699 1
24641 8967 1
7735 5902 1
5092 7968 1
11891 44 1
1370 10206 1
20368 835 1
3091 906 1
7012 10069 1
10258 2716 1
12837 11220 1
2762 36071 1
2901 751 1
27533 14751 1
20525 12527 1
19111 10069 1
10036 41722 1
2096 13310 1
1509 7319 1
30598 18062 1
4873 16630 1
17105 10305 1
3194 14947 1
1509 10037 1
16630 7011 1
34308 17251 1
3111 7456 1
8430 10258 1
8146 18646 1
31081 9944 1
16833 20039 1
3031 8975 1
15970 3914 1
8435 6662 1
5706 1370 1
10007 11891 1
1018 5984 1
10258 2446 1
33957 980 1
12736 1058 1
3606 2902 1
11321 6635 1
16833 12748 1
10292 1029 1
12399 11344 1
7395 31161 1
21745 14947 1
5307 8036 1
10245 7596 1
8234 10159 1
10030 15659 1
21180 16833 1
17251 16061 1
1620 24063 1
16833 7602 1
15179 19082 1
16064 1787 1
13414 7082 1
8652 12406 1
10004 5092 1
15773 24490 1
9735 22816 1
5443 1402 1
18415 5598 1
6757 22262 1
2716 12175 1
9592 12254 1
16194 15540 1
1000 10292 1
25084 10026 1
34684 4873 1
10973 442 1
19092 22355 1
33065 4780 1
5783 10258 1
5547 1108 1
10037 10006 1
19093 1011 1
10735 760 1
2125 8283 1
7085 2873 1
5894 8872 1
519 8734 1
10196 5092 1
10444 1316 1
10152 10582 1
34308 3674 1
21530 10248 1
12277 1316 1
5171 5427 1
17440 4604 1
768 4233 1
17419 10152 1
11565 7882 1
8146 10190 1
10308 17251 1
5627 5443 1
573 15970 1
10114 10192 1
13528 10241 1
5984 4604 1
342 12532 1
592 7332 1
7456 9456 1
7953 16064 1
1028 2353 1
11407 12690 1
15058 10002 1
6073 1316 1
14947 1016 1
7085 17924 1
6662 12494 1
31495 8822 1
4662 37371 1
835 22662 1
1940 2571 1
6084 5021 1
2782 9952 1
30598 8753 1
13183 16663 1
10021 7395 1
15818 10199 1
10171 8509 1
4175 14002 1
5307 10767 1
23931 29953 1
6272 11300 1
4604 12984 1
10035 6394 1
9713 5482 1
10033 27533 1
10132 7353 1
3932 7276 1
8721 22221 1
7225 9237 1
7919 10258 1
11848 8031 1
2651 186 1
10735 10011 1
19837 10035 1
10196 16061 1
3674 8146 1
10150 27655 1
5307 17008 1
2762 23821 1
10232 28255 1
3017 2909 1
20419 6018 1
6127 5458 1
31073 7104 1
10035 4430 1
12315 15818 1
573 34308 1
17251 31305 1
29210 10143 1
15393 10132 1
11269 9930 1
1928 11768 1
18082 36653 1
2810 7712 1
14947 2901 1
25828 45513 1
3240 2901 1
18574 10088 1
21015 11891 1
20246 35248 1
12855 17599 1
24723 22840 1
15665 5092 1
10132 1928 1
7512 13807 1
4198 10132 1
105 15039 1
1819 10207 1
10152 2725 1
2315 44737 1
25995 5337 1
7456 2096 1
573 36653 1
2248 5280 1
10363 8146 1
16354 10258 1
4020 10444 1
7882 4385 1
17251 7225 1
1624 11321 1
20446 10735 1
10022 1316 1
30926 13273 1
10201 31073 1
5959 8929 1
14838 27533 1
9600 12010 1
3825 10268 1
9997 573 1
573 7012 1
16645 4294 1
7672 31073 1
8007 43360 1
1099 10132 1
43 11269 1
4265 3137 1
10196 13962 1
13183 5307 1
36071 2781 1
31073 985 1
3674 953 1
13601 1692 1
1316 6989 1
12748 2901 1
16031 14947 1
4020 14378 1
21745 10037 1
8809 2234 1
2353 6270 1
6700 11249 1
10572 9600 1
39697 3510 1
9600 12252 1
7225 15496 1
7395 38841 1
14947 10572 1
10572 4795 1
1383 16673 1
5021 1173 1
10306 964 1
6729 6901 1
10152 516 1
1316 2571 1
2652 32342 1
10572 5443 1
17251 14002 1
9402 9012 1
26663 11836 1
7264 34818 1
4020 28377 1
7225 5021 1
10196 2125 1
1509 8036 1
12254 8651 1
19837 20039 1
11451 10753 1
768 36447 1
925 12006 1
10891 134 1
16708 11923 1
25376 40502 1
2848 5307 1
1249 10034 1
3212 10572 1
14951 20590 1
10036 33859 1
23697 34967 1
10572 1316 1
6059 1370 1
14002 5876 1
10735 4260 1
6355 10197 1
793 1345 1
6357 5307 1
3068 17599 1
4422 7456 1
19740 10069 1
1532 5898 1
7732 10288 1
10258 10572 1
10572 6456 1
19093 23991 1
10911 14818 1
10133 5092 1
3606 1006 1
10013 84 1
2371 9 1
5849 10048 1
7302 5673 1
15744 2848 1
7538 2901 1
4233 5021 1
2160 2412 1
13412 10196 1
2479 768 1
9498 5096 1
43886 3994 1
10266 6987 1
7395 12467 1
12539 10222 1
17008 1940 1
15763 10196 1
10444 10152 1
10152 19899 1
2838 5307 1
22285 2061 1
8036 14676 1
4124 12520 1
14153 23766 1
2848 10572 1
6419 12483 1
10183 11273 1
10152 3460 1
2137 6843 1
10572 8146 1
7011 22816 1
11565 6869 1
8234 26489 1
1316 10258 1
20440 9425 1
18212 6977 1
6700 23157 1
10252 3361 1
8435 4233 1
7543 10160 1
12626 14037 1
516 12666 1
9438 3274 1
5307 1618 1
25916 13215 1
5363 11537 1
7443 25349 1
29478 3707 1
5021 7544 1
25774 38374 1
22118 5906 1
10176 9770 1
10547 6265 1
4604 9619 1
12837 1017 1
15067 9770 1
21745 14947 1
18082 3071 1
19093 8572 1
10623 13710 1
9104 28377 1
13183 18574 1
30598 10384 1
2061 7859 1
10035 7085 1
15110 3137 1
2571 17089 1
1316 16833 1
6241 2331 1
8036 7085 1
12254 573 1
4206 19442 1
27304 4810 1
3601 2427 1
8809 1029 1
10183 5280 1
44737 5307 1
5092 1316 1
10084 13150 1
8700 7752 1
10247 8314 1
1370 7672 1
10258 4062 1
24081 3674 1
14947 45319 1
7011 14066 1
7729 21540 1
15171 11043 1
10444 10572 1
25774 9600 1
10132 1476 1
1316 10064 1
9022 14217 1
26662 7090 1
2686 4669 1
11269 7866 1
5836 17636 1
12855 10444 1
14378 4233 1
10258 2848 1
7011 10069 1
5092 1108 1
5307 4921 1
8743 12837 1
3606 5632 1
7085 5021 1
28377 5119 1
14001 2604 1
7109 17251 1
3276 17251 1
5070 1537 1
8951 6523 1
10036 10037 1
2096 2301 1
7021 10037 1
15988 16370 1
9456 5474 1
7395 8650 1
10228 7779 1
426 10037 1
8530 857 1
1513 379 1
12246 10003 1
15737 10020 1
19626 10187 1
14916 14859 1
10118 1677 1
6357 19529 1
10186 7011 1
10572 4036 1
10047 5307 1
26300 9759 1
7538 10038 1
11269 6743 1
13042 9069 1
12403 11220 1
10221 12736 1
16833 10572 1
10273 7538 1
12406 563 1
10106 12736 1
19438 9290 1
11908 5443 1
10256 5092 1
6183 4557 1
10196 10258 1
11565 11920 1
7225 12527 1
8036 6018 1
6864 13101 1
21414 5021 1
13716 4340 1
8384 10132 1
3026 10121 1
9404 992 1
1031 11321 1
10258 11891 1
10152 627 1
15886 2604 1
15970 1509 1
573 1089 1
8234 9897 1
25467 10542 1
16923 11161 1
8533 27533 1
1176 9586 1
10125 11269 1
1509 4155 1
10572 15286 1
3514 14870 1
17210 5462 1
432 4015 1
814 5021 1
9600 3623 1
5546 1108 1
9550 10132 1
13539 30547 1
3110 1013 1
2523 1940 1
5438 24234 1
15925 6585 1
19985 12837 1
8830 31073 1
10270 7456 1
9000 4640 1
31073 4580 1
11300 12006 1
20926 15837 1
27071 5810 1
21513 20896 1
6952 10152 1
5549 9300 1
10286 835 1
10235 5160 1
7225 10572 1
14747 9012 1
10547 35143 1
5266 10037 1
6190 5565 1
5479 17210 1
17210 22685 1
10393 2091 1
10572 10132 1
5070 4604 1
9300 10270 1
9554 16061 1
5862 10299 1
12626 4174 1
7538 4873 1
16061 34986 1
20249 4227 1
11562 2901 1
2901 7456 1
6560 10100 1
9022 4579 1
768 1420 1
2297 4107 1
6236 6071 1
10051 11269 1
10572 16833 1
20316 11082 1
7033 2497 1
14002 20521 1
9001 20840 1
7619 8036 1
7857 3842 1
12254 29586 1
2484 564 1
10048 6849 1
10040 22758 1
15970 10036 1
1935 2984 1
10444 9944 1
16061 1316 1
2848 2046 1
22428 22075 1
1334 5666 1
519 2906 1
11220 7882 1
5954 3664 1
10037 9290 1
25409 10069 1
779 14002 1
15818 11321 1
5250 470 1
5171 19505 1
10305 5635 1
11891 10153 1
1427 16061 1
22285 7564 1
11132 7085 1
1756 4922 1
10258 23703 1
10257 17833 1
10096 43886 1
3886 11891 1
4801 4018 1
24627 16833 1
4015 1509 1
8670 5307 1
19963 22816 1
11300 1203 1
10074 30598 1
7045 17539 1
10258 43886 1
10572 19755 1
1940 2901 1
12175 9022 1
8152 12254 1
25398 1370 1
9941 12254 1
1493 7882 1
17561 14947 1
1069 6183 1
5161 5092 1
12229 5307 1
26576 15254 1
1316 3370 1
1229 5443 1
516 5161 1
6136 16833 1
16833 1331 1
21598 22816 1
5161 11506 1
24201 13630 1
9223 12970 1
11300 3674 1
10044 5439 1
6243 22078 1
24727 2571 1
1363 18332 1
3194 9498 1
10156 15818 1
8300 33065 1
10258 5227 1
10258 14831 1
10210 5565 1
21602 22816 1
10258 7952 1
15921 13133 1
7538 8435 1
5439 20521 1
5161 7838 1
4232 4233 1
11891 11300 1
22428 10300 1
22816 10037 1
14384 24259 1
2061 2061 1
9456 12254 1
7538 17747 1
18731 13976 1
10170 573 1
31588 10069 1
28377 8802 1
5307 16064 1
15294 6577 1
7013 1029 1
34704 835 1
6958 7143 1
10258 14140 1
5092 14180 1
2571 4871 1
16833 15254 1
5337 29697 1
10200 25771 1
4836 9369 1
2726 10286 1
15970 12736 1
7225 15444 1
10196 518 1
1089 67 1
4036 1618 1
8283 10180 1
21745 5354 1
3606 22953 1
1086 23429 1
10008 9498 1
16370 835 1
27533 10582 1
7276 5092 1
10195 7857 1
2061 2353 1
4083 857 1
9427 5827 1
11773 247 1
6370 2061 1
22427 1928 1
26209 18473 1
16234 1316 1
2901 1316 1
10258 835 1
14947 28899 1
12006 3361 1
4872 2061 1
7557 5092 1
16630 19425 1
394 3312 1
12399 18512 1
4431 9717 1
38825 1928 1
10069 7143 1
10012 11876 1
10144 24234 1
6357 10129 1
22555 10078 1
5434 13192 1
12650 11891 1
12254 32 1
768 41589 1
768 4160 1
10444 21565 1
6445 3022 1
9439 5021 1
24649 27533 1
5014 10620 1
18027 30712 1
24011 11762 1
10737 5392 1
1316 12254 1
5047 13120 1
17251 20999 1
10258 23284 1
10258 10572 1
8036 14378 1
3606 10758 1
3312 9456 1
11269 18642 1
12747 12736 1
26158 35006 1
4340 7011 1
43290 375 1
495 3323 1
10230 11999 1
11269 5638 1
64 3288 1
1509 15970 1
21182 21759 1
3274 19837 1
10212 10938 1
8705 8802 1
10036 3312 1
14303 7085 1
33065 8181 1
6771 1100 1
6897 8921 1
410 9381 1
26209 22285 1
11269 692 1
10572 6562 1
5307 10413 1
30598 6038 1
17210 5307 1
8600 10258 1
3954 10 1
9931 10037 1
5307 4036 1
16061 10037 1
5434 6316 1
11889 6932 1
9770 7784 1
23994 2096 1
9690 16323 1
5490 7143 1
2061 10064 1
16630 8790 1
27071 13710 1
30598 5021 1
756 1835 1
42963 3071 1
10258 15106 1
34308 10572 1
3243 8234 1
8115 2284 1
20368 30598 1
3967 7715 1
2571 20485 1
18197 8695 1
563 10183 1
9944 10254 1
10582 11220 1
10169 13021 1
10295 10163 1
2762 7517 1
10036 7395 1
17251 5307 1
8695 5307 1
10097 3010 1
1606 10305 1
8228 5443 1
22285 7953 1
16370 5073 1
677 539 1
27147 30292 1
10069 33065 1
32933 6113 1
10152 7864 1
1268 6894 1
10572 677 1
9436 3606 1
3862 15970 1
8452 18889 1
7225 3329 1
12855 4266 1
11751 10050 1
8216 12401 1
19310 3462 1
5849 36653 1
32771 10437 1
10166 5460 1
11675 16061 1
8036 5443 1
1122 24717 1
2229 10055 1
9944 8096 1
16061 64 1
15314 37250 1
10045 2021 1
8314 6367 1
965 10193 1
10102 11220 1
10048 17609 1
64 17251 1
7857 7857 1
13781 8420 1
15970 2616 1
11934 2488 1
14947 9583 1
4842 28377 1
10235 2901 1
768 10687 1
11397 2870 1
16061 4206 1
16354 10151 1
11300 11269 1
1553 22355 1
6428 43886 1
5490 11161 1
2848 2848 1
13492 7085 1
8230 6662 1
1014 16833 1
10214 19677 1
10048 9250 1
10048 11220 1
11134 10076 1
11628 516 1
9456 10052 1
15147 10147 1
2492 2762 1
21745 8734 1
10444 14565 1
10132 10258 1
5602 622 1
10240 17176 1
15446 10249 1
5419 9723 1
13514 5307 1
7225 19899 1
8809 27400 1
1938 16673 1
11426 6243 1
1509 10572 1
4260 487 1
10271 2799 1
28158 10037 1
516 27533 1
9174 8142 1
10303 9944 1
10047 16064 1
7580 10132 1
7225 1902 1
2848 12254 1
12175 16249 1
3038 14502 1
2478 10141 1
1928 4873 1
11269 13781 1
453 1029 1
44737 17224 1
16061 7968 1
10784 34308 1
2754 807 1
3819 16255 1
30417 9148 1
1940 5365 1
7538 2686 1
10120 12961 1
2916 12837 1
28385 11396 1
3607 5987 1
5301 25988 1
33880 635 1
9944 11891 1
25715 6272 1
5171 19301 1
13986 5849 1
8431 11300 1
8086 15466 1
40024 30598 1
42963 563 1
5364 10152 1
22997 44737 1
10258 5307 1
7688 19111 1
10179 7456 1
3234 1160 1
8234 8343 1
12736 6161 1
4177 3825 1
3019 17105 1
1390 5376 1
8523 10232 1
3312 853 1
11077 9265 1
9835 19837 1
6646 11521 1
6901 36653 1
22677 34025 1
10834 16354 1
10152 8283 1
8213 11009 1
4007 10196 1
16064 23032 1
1401 28158 1
64 8141 1
4262 4604 1
7011 11034 1
19093 10036 1
1316 15438 1
10376 10212 1
16833 10037 1
4020 10255 1
1077 12899 1
6286 13097 1
6037 8024 1
2901 573 1
11321 1021 1
27533 10958 1
64 7215 1
29003 5547 1
3940 11259 1
10005 4604 1
5021 2420 1
9669 11249 1
15818 2686 1
5591 762 1
4873 696 1
13042 7535 1
2004 13183 1
10152 10031 1
33065 12006 1
34808 6183 1
10084 10229 1
13963 10132 1
15254 10132 1
10183 10152 1
11630 18165 1
5921 12736 1
1940 2686 1
13929 10035 1
5779 4084 1
2901 10037 1
2412 272 1
11545 16061 1
2061 2493 1
10083 974 1
10467 3615 1
10572 13200 1
13515 2334 1
10048 15171 1
13173 10440 1
5547 13807 1
10444 5092 1
10826 10152 1
5211 7395 1
8142 7453 1
370 6119 1
2705 10152 1
1509 23008 1
19233 5227 1
4836 15424 1
20502 10184 1
4873 34716 1
16502 1852 1
1316 20898 1
36579 13552 1
10037 22857 1
12626 20157 1
20529 727 1
5307 12056 1
4671 5161 1
7429 2848 1
10162 23600 1
10294 33586 1
24011 7225 1
7011 132 1
26 11321 1
67 14002 1
1255 27533 1
11836 16061 1
11249 1680 1
10900 9973 1
19837 5092 1
1316 10626 1
10197 10080 1
25197 10139 1
10188 9375 1
1928 6242 1
1173 10063 1
9479 13183 1
17210 4102 1
8886 22816 1
19401 3125 1
10048 12015 1
6786 10305 1
1316 17577 1
2252 3606 1
15179 8036 1
4064 10037 1
11891 10572 1
920 20551 1
10068 10444 1
8343 11565 1
22297 9600 1
2115 10132 1
1258 4873 1
13455 5435 1
102 7882 1
43886 7538 1
6372 16533 1
10735 5670 1
1316 19372 1
1509 8404 1
10024 12174 1
4285 5715 1
768 2954 1
2571 2281 1
12736 5849 1
5782 5150 1
12736 1089 1
14002 13220 1
7085 1940 1
15393 12202 1
573 13807 1
11204 1928 1
14378 14305 1
12175 10572 1
7225 17210 1
11512 11696 1
14814 29952 1
10152 10474 1
7085 10042 1
15263 13396 1
7528 1316 1
5439 7276 1
1064 1509 1
3674 13042 1
9944 20619 1
10258 8146 1
13989 33065 1
7558 7930 1
14378 4604 1
26171 1238 1
4956 19899 1
14002 27496 1
24640 12736 1
10232 16630 1
2716 2848 1
1905 16313 1
11836 7672 1
10047 8903 1
44737 13176 1
14115 15263 1
4674 10035 1
10069 4885 1
7042 12837 1
2883 4383 1
1370 31164 1
11503 25404 1
10132 10212 1
10228 11565 1
5630 1316 1
10132 2134 1
5021 4747 1
675 467 1
13315 5021 1
5845 1509 1
12837 7930 1
7930 19111 1
12736 14002 1
7011 31073 1
24011 9587 1
11036 35248 1
12274 7085 1
8977 11249 1
153 10183 1
10036 6135 1
1118 20773 1
11014 1928 1
7882 382 1
10069 6627 1
18082 5305 1
10212 20372 1
13932 10444 1
7117 13083 1
6236 42963 1
9973 5021 1
10037 13183 1
7205 7952 1
10444 59 1
10076 5160 1
10185 10122 1
6538 5562 1
7011 987 1
1029 10232 1
10502 3195 1
40633 3116 1
10194 17062 1
4852 15818 1
10677 10243 1
1854 12736 1
2571 1928 1
1493 2102 1
34308 10258 1
11891 16715 1
9106 3960 1
3613 29697 1
8421 10152 1
123 12611 1
10289 7804 1
33065 2380 1
2762 271 1
10064 6730 1
10572 9290 1
11719 3217 1
2571 35293 1
21542 33065 1
7456 8446 1
4873 87 1
12736 4036 1
10258 10032 1
3071 10035 1
7085 5434 1
1853 1316 1
10037 11891 1
12254 573 1
7225 19899 1
11836 966 1
10015 1316 1
5307 768 1
12189 3232 1
12982 10287 1
9973 875 1
5240 1509 1
8734 30598 1
14001 27533 1
1509 4604 1
27533 13183 1
10152 857 1
12205 8821 1
10737 2061 1
11891 15263 1
5790 2589 1
12650 13881 1
4466 11300 1
10444 9506 1
675 9973 1
9944 12254 1
8966 3312 1
7672 36653 1
16673 7882 1
6475 33528 1
2379 24011 1
9583 387 1
5443 13781 1
9549 5443 1
7011 10196 1
5862 16069 1
7723 6332 1
10047 5364 1
11269 18870 1
2936 9388 1
42963 5307 1
5443 8854 1
8172 6427 1
14277 13083 1
1483 12626 1
10132 12336 1
2651 16094 1
2379 4665 1
10437 4241 1
2762 8146 1
9104 19260 1
10183 13421 1
23794 3893 1
10284 19837 1
8050 22816 1
10279 12254 1
5648 21745 1
5443 40199 1
1134 10212 1
2571 7233 1
1852 7857 1
527 11348 1
9944 28377 1
10444 4374 1
3479 11113 1
5411 2313 1
13315 5849 1
209 5393 1
9944 14145 1
3606 34308 1
10390 16310 1
10178 7203 1
447 14113 1
5430 26904 1
16061 26285 1
3966 13083 1
17030 2901 1
1509 33385 1
6781 5443 1
2096 10325 1
17210 11891 1
10572 10006 1
11263 6104 1
10621 10035 1
516 10077 1
7213 8234 1
10572 42370 1
3429 12854 1
2848 19837 1
103 9290 1
1926 10895 1
10444 9944 1
14262 563 1
12254 3274 1
10146 1370 1
4902 14123 1
5161 27233 1
11300 10152 1
4873 16061 1
13091 17224 1
11283 2716 1
9606 3312 1
1020 425 1
923 15120 1
28158 5460 1
8261 10258 1
10258 2724 1
3950 4511 1
11295 10572 1
10258 12485 1
710 22576 1
7005 25224 1
573 20896 1
4206 9944 1
7336 7857 1
496 2532 1
10157 2893 1
9456 8234 1
6957 768 1
7788 15254 1
10145 2061 1
11269 5486 1
9022 10735 1
19099 2479 1
10258 11249 1
12736 10134 1
7456 14887 1
7672 12494 1
2901 18330 1
19093 1509 1
10735 10047 1
16370 9373 1
2534 5612 1
649 19093 1
23429 9718 1
10769 12975 1
2052 7538 1
6718 3483 1
14947 4604 1
13021 33065 1
12958 2901 1
7209 2980 1
5092 7953 1
10219 21951 1
5547 25664 1
6532 7953 1
129 12837 1
16833 8872 1
10826 10572 1
24011 10572 1
18166 6727 1
12736 7443 1
4340 14947 1
7780 2686 1
8343 2571 1
15444 3987 1
2901 10010 1
5982 2686 1
10001 17609 1
3013 10209 1
10152 16061 1
5849 22127 1
12439 10582 1
8687 2901 1
10025 17251 1
10278 6662 1
12736 4873 1
9122 10227 1
25956 24941 1
17745 7318 1
6883 6447 1
10228 12981 1
64 13173 1
6018 27071 1
10112 17251 1
18534 22816 1
10175 19881 1
1316 31539 1
27586 15171 1
34308 11269 1
31673 12399 1
10027 22816 1
8522 20502 1
10089 9005 1
11905 10582 1
6589 11565 1
7085 5443 1
10152 8711 1
1028 9554 1
6867 4755 1
28377 11920 1
3384 1792 1
10928 25926 1
10037 10016 1
16715 10293 1
43869 9973 1
12736 16064 1
9713 37612 1
17156 20316 1
10037 15179 1
1019 10053 1
10027 1144 1
11047 8739 1
10108 7086 1
4885 768 1
40599 17325 1
5307 9480 1
4604 44737 1
19093 30598 1
26489 726 1
10036 1370 1
24129 7761 1
10212 9790 1
11139 7225 1
5443 17040 1
7901 5092 1
13173 10572 1
9584 1034 1
10035 10754 1
12399 3137 1
1844 10572 1
10165 6972 1
20692 1777 1
12079 5849 1
10735 3510 1
11300 12736 1
6757 768 1
10258 16291 1
8283 10152 1
10095 10037 1
34114 5092 1
10162 3707 1
10572 2119 1
27533 12326 1
5942 1238 1
16061 7953 1
9600 10035 1
10049 14239 1
10444 2571 1
15908 6962 1
10271 5161 1
22285 5440 1
706 39416 1
12626 11920 1
15171 12958 1
4657 13807 1
6344 971 1
2887 9808 1
1316 10198 1
5171 4087 1
2004 13573 1
10066 10152 1
1089 10146 1
4797 18030 1
6183 7126 1
5092 9770 1
10212 12854 1
101 5092 1
9472 10224 1
7796 1108 1
5307 3932 1
10033 8451 1
1928 7040 1
10735 19082 1
21598 1940 1
10218 19624 1
8401 10444 1
1141 5250 1
5307 2848 1
3606 19437 1
768 7882 1
2686 2848 1
45410 7085 1
10183 21090 1
7538 7011 1
21366 26209 1
2704 1509 1
9456 3637 1
10036 10036 1
10258 1029 1
13139 675 1
9600 5092 1
6927 9926 1
10193 835 1
13028 24523 1
10152 41702 1
10151 1028 1
7456 4885 1
13021 768 1
10232 16833 1
2493 13404 1
22816 17210 1
18121 857 1
8222 28717 1
16357 2061 1
20316 5434 1
21458 573 1
5066 1493 1
10639 15818 1
6120 1316 1
9410 1031 1
10258 12274 1
12736 15171 1
13807 13083 1
9009 10037 1
1316 9388 1
2901 30598 1
9174 8280 1
10572 13183 1
14165 971 1
4958 2901 1
23057 1020 1
754 8938 1
18087 9100 1
1934 14947 1
6494 10037 1
2935 7047 1
16497 10780 1
1316 3276 1
10151 10376 1
6097 4604 1
11269 5885 1
9600 15254 1
11139 3520 1
1869 1345 1
12736 8092 1
7011 5171 1
14378 4241 1
5091 11709 1
10132 563 1
1031 12861 1
10048 8178 1
21745 15254 1
16909 36039 1
30598 4241 1
10064 10152 1
1509 10152 1
7456 10258 1
1928 12736 1
2532 5467 1
7953 40245 1
14947 4511 1
8283 12626 1
26558 2848 1
10212 5070 1
1370 13555 1
11269 12736 1
5720 16370 1
14002 9095 1
7953 44737 1
5307 2588 1
1509 10150 1
5591 3960 1
24773 24641 1
10258 1987 1
835 7705 1
12107 8777 1
7085 1370 1
10374 15254 1
6841 768 1
22017 1370 1
6299 8980 1
3616 10749 1
5307 1273 1
10087 2160 1
10121 3610 1
9290 782 1
4538 11521 1
1928 3395 1
30598 564 1
11273 11243 1
12249 5092 1
8598 969 1
20316 1031 1
9456 13768 1
13183 3358 1
5171 15818 1
5068 8036 1
8050 15970 1
10164 3826 1
12736 10572 1
4980 19966 1
10259 10582 1
11891 1188 1
10212 10152 1
3674 8726 1
13021 10127 1
10314 3510 1
11460 18574 1
44737 1956 1
6458 20943 1
10196 10258 1
3088 12804 1
25774 5443 1
328 10258 1
5227 4962 1
5443 4015 1
2716 2571 1
7456 14081 1
12599 1031 1
12736 4604 1
11300 7370 1
12056 7011 1
8234 14002 1
17210 19663 1
11321 1203 1
10582 21745 1
222 4228 1
11220 7543 1
5307 27533 1
10212 16321 1
11249 7011 1
17440 4759 1
2076 7429 1
2228 17257 1
5377 10098 1
6669 11273 1
5307 12580 1
10568 5353 1
10107 10161 1
1331 10039 1
10037 34182 1
11269 3559 1
4233 3234 1
5021 5307 1
2420 1316 1
1108 8695 1
9158 8609 1
675 22816 1
2894 1188 1
16630 6320 1
1711 12671 1
857 19082 1
10678 1624 1
7117 7857 1
589 7225 1
1316 11249 1
1316 13350 1
14947 19837 1
9735 35199 1
3930 16833 1
11269 1257 1
9735 12837 1
26489 566 1
13474 4015 1
2061 9436 1
26209 2901 1
9770 1311 1
17061 5386 1
1316 5633 1
573 16527 1
24063 379 1
9944 10572 1
17620 19701 1
10152 5902 1
10675 153 1
27533 1530 1
14335 4401 1
1725 22817 1
1983 1983 1
14947 835 1
16833 1983 1
13183 10152 1
10228 9290 1
14747 10444 1
10228 6879 1
10103 7756 1
2901 9593 1
4491 7152 1
3010 4604 1
22816 3541 1
6508 1117 1
13023 12381 1
10072 7085 1
25416 4541 1
10258 5364 1
10735 25774 1
17407 5353 1
22758 11090 1
4585 5160 1
12141 3270 1
10147 3945 1
1370 30553 1
30873 2061 1
5849 9770 1
13826 9254 1
15749 1089 1
1852 15818 1
10444 10386 1
17762 24105 1
4024 28377 1
835 31583 1
906 29998 1
6357 11269 1
7852 10183 1
10048 16833 1
10258 7501 1
2505 9498 1
8570 26285 1
7225 10100 1
9697 9600 1
11313 13183 1
10877 516 1
7011 9808 1
12626 3825 1
40502 10035 1
35097 10058 1
23008 14947 1
11521 11028 1
810 16180 1
25667 13023 1
9940 10036 1
16657 9808 1
10444 22816 1
2737 8460 1
4604 857 1
10258 3509 1
11300 9456 1
10037 17105 1
7232 8743 1
5092 14688 1
10258 15818 1
21598 7495 1
1020 7968 1
16094 22855 1
9672 2848 1
1105 11545 1
1762 9600 1
17251 484 1
17251 7543 1
21745 11300 1
2793 5267 1
3401 5984 1
4621 7291 1
8292 5021 1
12958 16715 1
10212 9762 1
14002 12006 1
12736 7822 1
6425 11650 1
11565 2636 1
1118 15360 1
18177 1023 1
18512 16061 1
5314 44737 1
464 2476 1
1687 5307 1
6758 10838 1
15554 10735 1
10152 10089 1
5849 2402 1
9300 11269 1
3901 1489 1
12533 10212 1
40092 5898 1
5064 5307 1
10037 10234 1
3767 11565 1
7968 8865 1
43360 10735 1
1926 7857 1
1879 10037 1
37699 2096 1
10909 4036 1
13091 23749 1
13315 10258 1
10444 8573 1
10220 4975 1
19837 3660 1
11269 23850 1
857 8314 1
11891 17251 1
7188 5443 1
9080 9254 1
10270 15286 1
1761 835 1
10152 779 1
10572 11321 1
14378 3010 1
9 8815 1
6733 10231 1
10177 5601 1
4424 9944 1
24641 4873 1
5443 8071 1
13898 12736 1
26513 10735 1
11269 10144 1
10572 7121 1
33065 3230 1
12111 10000 1
16062 1099 1
10444 8809 1
5307 9290 1
9 7543 1
4781 16708 1
10253 10037 1
7857 10035 1
20450 6024 1
12406 3893 1
3503 16061 1
30598 4289 1
10069 11269 1
10572 5092 1
20647 24011 1
12867 5888 1
33122 5845 1
8036 43886 1
1089 7225 1
8824 2848 1
13088 16552 1
25438 12736 1
3601 8279 1
10634 10183 1
7011 7543 1
10572 11920 1
16061 12672 1
22285 9136 1
6958 28021 1
12254 3840 1
8809 736 1
12837 8435 1
10009 11976 1
7225 7446 1
15230 22595 1
11273 10258 1
7899 5092 1
11300 14001 1
14911 4044 1
3071 4157 1
1819 46688 1
8234 17747 1
1552 5849 1
13940 2440 1
15023 9600 1
10041 10018 1
5092 2095 1
1852 944 1
7343 64 1
1940 27596 1
9582 3312 1
7625 12091 1
16061 12345 1
4873 35335 1
723 5307 1
10274 11836 1
12300 12496 1
10735 1162 1
9000 2848 1
10561 24958 1
14593 10305 1
5092 4036 1
9770 7206 1
10258 25715 1
6287 10260 1
8738 11321 1
28377 23817 1
13315 835 1
11026 12879 1
16061 10076 1
857 12041 1
29586 67 1
5307 16064 1
10283 2848 1
10735 15471 1
10572 11891 1
4366 3606 1
32357 4873 1
4604 12626 1
12837 10195 1
7538 14002 1
10258 17251 1
38176 20551 1
24813 2290 1
6622 15561 1
30598 3480 1
13323 72 1
6001 10117 1
34308 11891 1
35006 18574 1
33678 13247 1
11139 12414 1
14002 26664 1
10152 5021 1
24696 25715 1
30598 10097 1
12958 4873 1
11220 2585 1
13807 10065 1
18128 12872 1
5171 4015 1
24717 9713 1
30598 2727 1
4060 40092 1
902 34308 1
9790 17210 1
6962 29697 1
16061 8983 1
2848 21598 1
1509 15899 1
16245 7538 1
9713 17251 1
11409 7859 1
24946 7011 1
6236 11920 1
8531 10834 1
13826 3432 1
1004 11891 1
24394 10047 1
10735 10239 1
10152 10672 1
4115 6906 1
11521 10258 1
8420 22285 1
2571 11344 1
28966 10060 1
12141 9973 1
7543 26209 1
5095 573 1
4233 17659 1
14002 9006 1
2848 36725 1
7604 10154 1
16278 10258 1
943 10368 1
7543 7119 1
10735 10152 1
17210 11565 1
10057 12364 1
10147 1105 1
10262 573 1
10105 27533 1
6135 12153 1
33089 25913 1
2604 24135 1
11300 10582 1
22816 8036 1
2884 7395 1
20316 9290 1
7952 17251 1
7456 4858 1
7672 11861 1
4363 9944 1
10736 2571 1
8234 9040 1
11220 2450 1
7857 19487 1
9456 7538 1
10304 11403 1
8438 29335 1
1162 3210 1
2061 28830 1
10191 30598 1
10444 14927 1
12093 4604 1
10444 10036 1
3103 1108 1
8522 20902 1
7695 20316 1
4512 1816 1
768 17251 1
8680 16833 1
6183 10149 1
1913 4873 1
17966 10245 1
11836 4027 1
9296 6911 1
14565 10033 1
16064 4604 1
2745 10070 1
7225 12254 1
26916 3234 1
11273 1509 1
10248 19966 1
9955 11269 1
130 12356 1
6499 3274 1
9874 4873 1
1020 10061 1
6621 4233 1
15 9863 1
1247 12254 1
700 19093 1
9944 10582 1
249 31073 1
7480 7456 1
31073 1921 1
6289 13183 1
2762 20316 1
4873 8036 1
3312 1316 1
8234 23132 1
30598 1007 1
11269 24572 1
36505 312 1
6183 8196 1
11300 9498 1
16269 9290 1
26725 1457 1
44737 9756 1
2901 10269 1
15110 7267 1
7085 2848 1
12584 8279 1
835 6657 1
15179 3394 1
10151 17887 1
11160 12958 1
2762 10183 1
30701 10280 1
17251 10171 1
10028 8734 1
22816 28878 1
31585 10309 1
9756 2142 1
10572 8880 1
9582 835 1
42320 9600 1
11249 5307 1
3059 1089 1
11875 16399 1
7930 18642 1
5307 3940 1
1316 10860 1
4873 10270 1
10152 17176 1
5479 15818 1
9453 14947 1
20882 835 1
10091 10737 1
10768 2848 1
16701 18503 1
516 768 1
10218 4308 1
10238 7395 1
7968 10196 1
5390 10572 1
2969 4020 1
4036 10069 1
15171 11273 1
32940 11175 1
3752 7085 1
1257 1509 1
3692 1509 1
2532 9578 1
14651 6236 1
9600 10572 1
2455 22816 1
1509 1509 1
7550 11269 1
718 5021 1
222 1940 1
1203 10572 1
64 11028 1
10474 2096 1
10269 14106 1
8280 10258 1
19093 23491 1
10085 4020 1
11542 10196 1
34229 6962 1
10179 22816 1
5021 20428 1
6193 16504 1
33442 13145 1
4177 768 1
10240 10203 1
10036 21182 1
31073 10216 1
5307 15482 1
45319 28492 1
22248 28894 1
17176 4455 1
11536 35199 1
39862 1662 1
10258 10037 1
17210 7944 1
8824 10123 1
8314 14947 1
10048 39082 1
14565 22840 1
31535 19401 1
3217 1012 1
24641 1316 1
3194 10217 1
34308 8998 1
6261 12254 1
3606 4340 1
7788 10152 1
4034 3026 1
10384 18315 1
8531 5219 1
1241 43681 1
10932 1316 1
31073 2901 1
16708 13183 1
19091 15818 1
12056 877 1
8343 23403 1
6544 3650 1
18690 1926 1
6891 16064 1
19955 5443 1
7085 9600 1
7134 21215 1
16782 7538 1
11305 7543 1
2686 26489 1
2848 5307 1
14947 14947 1
24890 11249 1
1203 22219 1
7625 24011 1
857 4776 1
4206 25046 1
7276 16064 1
7715 10258 1
35808 453 1
20226 6971 1
22840 1089 1
16061 7395 1
3274 2848 1
3186 623 1
6236 32 1
9290 12906 1
2762 3951 1
9945 1940 1
30598 10036 1
4346 41589 1
6662 22816 1
1370 24011 1
2848 7625 1
10735 1029 1
2384 8425 1
23948 9600 1
1030 19093 1
11249 5008 1
3606 1373 1
7308 3674 1
44737 1024 1
10290 7882 1
2696 5307 1
10258 10228 1
12736 12958 1
6369 31583 1
3567 9456 1
20236 5282 1
19397 2848 1
9944 2546 1
30598 16345 1
6424 1813 1
1008 16833 1
12961 8824 1
10582 7085 1
22061 7143 1
3606 32148 1
15717 20310 1
4233 2848 1
20430 9774 1
7456 10735 1
30598 19837 1
10089 8809 1
23 16370 1
5066 15818 1
6457 21265 1
27817 16833 1
1389 7085 1
6669 10258 1
1887 10735 1
11269 8758 1
1940 435 1
7863 10839 1
11344 10048 1
11331 7090 1
1370 10582 1
15976 3581 1
4045 17556 1
9973 20310 1
17210 22071 1
8781 12958 1
938 20316 1
9718 9423 1
3606 375 1
1108 7882 1
