10 10118 1
10 10139 1
10 1022 1
10 10266 1
10 1031 1
10 14688 1
10 15748 1
10 19323 1
10 2848 1
10 6059 1
10 6084 1
10 7788 1
100 10003 1
100 10090 1
100 10112 1
100 12984 1
1000 10025 1
1000 10047 1
1000 10060 1
1000 10231 1
1000 10285 1
1000 25988 1
1000 84 1
10000 10042 1
10000 10165 1
10000 10183 1
10000 10230 1
10000 2384 1
10000 614 1
10001 3503 1
10001 35143 1
10002 10007 1
10002 1005 1
10002 10057 1
10002 10080 1
10002 10082 1
10002 10086 1
10002 10108 1
10002 10131 1
10002 10150 1
10002 10171 1
10002 10176 1
10002 1022 1
10002 10304 1
10002 1031 1
10002 10839 1
10002 12361 1
10002 1247 1
10002 13048 1
10002 15466 1
10002 3010 1
10002 3487 1
10002 5783 1
10002 8704 1
10002 9375 1
10003 1006 1
10003 10067 1
10003 10096 1
10003 10112 1
10003 10165 1
10003 1018 1
10003 10287 1
10003 10842 1
10003 31073 1
10003 3575 1
10003 6270 1
10003 6320 1
10003 6649 1
10003 8668 1
10003 9723 1
10005 3623 1
10005 7822 1
10007 10035 1
10007 10053 1
10007 10169 1
10007 10240 1
10007 10255 1
10007 2887 1
10007 442 1
10007 6854 1
10007 9300 1
10008 18870 1
10008 22118 1
10009 10296 1
10009 10306 1
10009 11564 1
10009 17577 1
10010 10002 1
10010 10279 1
10011 1005 1
10011 13310 1
10012 5191 1
10014 10183 1
10014 10255 1
10014 11034 1
10014 7804 1
10015 1002 1
10015 10039 1
10015 13961 1
10015 8530 1
10015 9391 1
10016 10753 1
10018 10075 1
10018 22088 1
10018 6989 1
1002 10 1
1002 10010 1
1002 10036 1
1002 10044 1
1002 10139 1
1002 10303 1
1002 1031 1
1002 10737 1
1002 11506 1
1002 2334 1
1002 5187 1
1002 700 1
1002 8531 1
1002 9410 1
10020 25995 1
10021 10282 1
10021 16234 1
10021 19233 1
10021 19791 1
10021 6097 1
10022 10059 1
10022 10095 1
10022 10179 1
10022 10192 1
10022 10212 1
10022 10282 1
10022 10304 1
10022 11283 1
10022 4024 1
10022 5440 1
10023 10139 1
10023 10156 1
10023 10206 1
10023 10253 1
10023 10255 1
10023 5648 1
10024 10003 1
10024 10095 1
10024 10140 1
10024 2281 1
10024 249 1
10024 9735 1
10025 10035 1
10025 10061 1
10025 10264 1
10025 10276 1
10025 1648 1
10025 3607 1
10027 10174 1
10027 6867 1
10028 10103 1
10028 10243 1
10028 1031 1
10028 12364 1
10028 2532 1
10028 26131 1
10029 10061 1
10029 10165 1
10029 1022 1
10029 1141 1
10029 1750 1
10029 6671 1
1003 1022 1
1003 1692 1
10030 10060 1
10030 10064 1
10030 10187 1
10030 10213 1
10030 10220 1
10031 1011 1
10031 1016 1
10031 10206 1
10031 5779 1
10033 10011 1
10033 13101 1
10034 10067 1
10034 24063 1
10035 10179 1
10035 7119 1
10036 10000 1
10036 10024 1
10036 10060 1
10036 10069 1
10036 10183 1
10036 10231 1
10036 10259 1
10036 10265 1
10036 10278 1
10036 1032 1
10036 11161 1
10036 13959 1
10036 25349 1
10036 4160 1
10036 7291 1
10037 10003 1
10037 10035 1
10038 11542 1
1004 10140 1
1004 4669 1
10040 10188 1
10040 4241 1
10040 5047 1
10041 7021 1
10042 10231 1
10042 10304 1
10042 11391 1
10042 11460 1
10042 3692 1
10042 5419 1
10043 10285 1
10043 592 1
10047 10154 1
10047 1724 1
10047 22127 1
10049 10118 1
10049 10274 1
10049 10285 1
10049 24941 1
10049 447 1
10049 5602 1
10049 5612 1
10049 8738 1
1005 10002 1
1005 10096 1
1005 10139 1
1005 10172 1
1005 1022 1
1005 10266 1
1005 10293 1
1005 1031 1
1005 13974 1
1005 1584 1
1005 20485 1
1005 23794 1
1005 29210 1
1005 4366 1
1005 4779 1
1005 6056 1
1005 782 1
10051 10084 1
10051 10158 1
10051 12300 1
10052 17471 1
10054 10007 1
10054 10067 1
10054 10082 1
10054 1014 1
10054 1031 1
10054 11161 1
10054 11709 1
10054 19701 1
10054 432 1
10054 7968 1
10054 8533 1
10054 925 1
10057 2248 1
10057 4956 1
10058 22285 1
10058 356 1
1006 1005 1
1006 10051 1
1006 10112 1
1006 1018 1
1006 102 1
1006 12015 1
1006 12472 1
1006 12900 1
1006 132 1
1006 14580 1
1006 1787 1
1006 18816 1
1006 4776 1
1006 9136 1
10060 1017 1
10060 1025 1
10060 1234 1
10060 14869 1
10060 34917 1
10060 7559 1
10061 10093 1
10061 10100 1
10061 10141 1
10061 10212 1
10061 1022 1
10061 1024 1
10061 10274 1
10061 11876 1
10061 12467 1
10061 1489 1
10061 17556 1
10061 18342 1
10061 21889 1
10061 22855 1
10061 25926 1
10061 2745 1
10061 6193 1
10061 7604 1
10061 8985 1
10063 10154 1
10064 10049 1
10064 4018 1
10065 10003 1
10065 10060 1
10065 10174 1
10065 10192 1
10065 10205 1
10065 16937 1
10065 5133 1
10066 1002 1
10066 10025 1
10066 10293 1
10066 5706 1
10067 10047 1
10067 1008 1
10067 101 1
10067 10100 1
10067 10118 1
10067 1016 1
10067 10165 1
10067 10166 1
10067 10196 1
10067 10203 1
10067 10221 1
10067 10268 1
10067 12584 1
10067 12682 1
10067 1805 1
10067 19624 1
10067 2004 1
10067 21540 1
10067 2703 1
10067 30598 1
10067 3084 1
10067 6784 1
10067 7213 1
10067 7343 1
10067 7864 1
10068 1005 1
10068 4759 1
10069 10067 1
10069 10067 1
10069 10122 1
10069 9373 1
1007 10070 1
1007 10087 1
1007 7432 1
10070 10257 1
10070 10842 1
10070 1268 1
10070 17062 1
10070 25438 1
10070 3660 1
10070 5482 1
10072 101 1
10072 10179 1
10072 10197 1
10072 10440 1
10073 1002 1
10073 312 1
10074 1000 1
10074 1016 1
10074 103 1
10074 26171 1
10075 1110 1
10075 14002 1
10075 43463 1
10076 10002 1
10076 17257 1
10077 12355 1
1008 10002 1
1008 10040 1
1008 10108 1
1008 10116 1
1008 10165 1
1008 12572 1
1008 1740 1
1008 18473 1
1008 19174 1
1008 6296 1
1008 966 1
10080 10055 1
10080 10067 1
10080 10102 1
10080 10139 1
10080 1014 1
10080 10164 1
10080 10182 1
10080 10206 1
10080 1022 1
10080 11344 1
10080 13601 1
10080 3384 1
10080 8975 1
10081 1007 1
10081 10121 1
10081 10938 1
10081 2588 1
10081 25913 1
10081 32357 1
10082 100 1
10082 10215 1
10082 10260 1
10082 10284 1
10082 10285 1
10082 10292 1
10082 10304 1
10082 12599 1
10082 5658 1
10082 6930 1
10082 8509 1
10082 9347 1
10083 1004 1
10083 10095 1
10083 10276 1
10083 11861 1
10083 14502 1
10083 1808 1
10083 37699 1
10083 8389 1
10084 10000 1
10084 10054 1
10084 1006 1
10084 10147 1
10084 10154 1
10084 10249 1
10084 1992 1
10084 3688 1
10084 4241 1
10084 5066 1
10085 10063 1
10085 10072 1
10085 10188 1
10086 10259 1
10087 10014 1
10087 10031 1
10087 10052 1
10087 10079 1
10087 1022 1
10087 10225 1
10087 10240 1
10087 394 1
10089 10030 1
10089 8758 1
1009 10003 1
10090 27533 1
10093 10015 1
10093 10095 1
10093 10100 1
10093 24890 1
10093 3125 1
10093 7204 1
10095 10067 1
10095 10085 1
10095 10102 1
10095 10158 1
10095 10201 1
10095 10203 1
10095 1030 1
10095 13247 1
10095 15424 1
10095 2290 1
10096 10000 1
10096 10273 1
10096 10309 1
10096 13 1
10096 7020 1
10096 7402 1
10097 1002 1
10098 10046 1
10098 1005 1
10098 10256 1
10098 12277 1
10098 14277 1
10098 4489 1
10098 6448 1
10099 10154 1
10099 14651 1
10099 5136 1
101 10074 1
101 10147 1
101 10204 1
101 10266 1
101 10379 1
1010 10003 1
1010 10063 1
1010 10232 1
1010 15334 1
1010 45319 1
10100 10061 1
10100 10192 1
10100 10200 1
10100 10200 1
10100 1022 1
10100 10240 1
10100 10266 1
10100 1031 1
10100 25341 1
10100 3479 1
10100 6840 1
10100 8160 1
10100 9228 1
10100 974 1
10101 1003 1
10101 10084 1
10101 10169 1
10101 10228 1
10101 1331 1
10101 19082 1
10101 3520 1
10101 6458 1
10101 7309 1
10101 8822 1
10102 10010 1
10102 10023 1
10102 10032 1
10102 10100 1
10102 10121 1
10102 10157 1
10102 10179 1
10102 10283 1
10102 10299 1
10102 1030 1
10102 1031 1
10102 10572 1
10102 1552 1
10102 38891 1
10102 7784 1
10102 8652 1
10103 10049 1
10103 1005 1
10103 10095 1
10103 10106 1
10103 10154 1
10103 10269 1
10103 1030 1
10103 18062 1
10106 10015 1
10106 3616 1
10107 1005 1
10108 10165 1
10108 13973 1
10108 33586 1
10108 5420 1
10109 10248 1
1011 10626 1
1011 34370 1
1011 41589 1
10112 10 1
10112 10003 1
10112 10101 1
10112 10124 1
10112 10129 1
10112 10207 1
10112 10216 1
10112 10219 1
10112 10282 1
10112 10303 1
10112 11134 1
10112 12022 1
10112 14180 1
10112 15530 1
10112 2450 1
10112 3102 1
10112 4294 1
10112 5064 1
10112 6627 1
10112 696 1
10112 7604 1
10112 9100 1
10114 13573 1
10115 539 1
10116 1000 1
10116 10153 1
10116 1055 1
10116 40550 1
10116 4265 1
10116 5638 1
10116 964 1
10117 10024 1
10117 2119 1
10118 10029 1
10118 10031 1
10118 10080 1
10118 10096 1
10118 10146 1
10118 10197 1
10118 10228 1
10118 16858 1
10118 3329 1
10118 3541 1
10118 43 1
10118 46688 1
10118 4674 1
10118 6135 1
10118 9549 1
10119 10156 1
1012 5377 1
10120 1014 1
10120 24649 1
10121 10049 1
10121 10095 1
10121 10095 1
10121 10096 1
10121 1014 1
10121 10164 1
10121 1020 1
10121 10200 1
10121 10206 1
10121 103 1
10121 18121 1
10121 18534 1
10121 3480 1
10121 3509 1
10121 5240 1
10121 8668 1
10122 10080 1
10123 10000 1
10123 10036 1
10123 10080 1
10123 10139 1
10123 10266 1
10123 1030 1
10123 10309 1
10123 1031 1
10123 11403 1
10123 17887 1
10123 3232 1
10123 6265 1
10123 8386 1
10124 10051 1
10124 10195 1
10124 10204 1
10124 4107 1
10124 6743 1
10124 8222 1
10125 10042 1
10127 20814 1
10129 10145 1
10129 5280 1
1013 10 1
1013 10029 1
1013 10153 1
1013 1018 1
1013 1022 1
1013 12141 1
1013 13807 1
1013 20428 1
1013 3767 1
1013 8938 1
10130 10036 1
10130 10067 1
10130 10100 1
10130 10154 1
10130 1740 1
10130 19356 1
10130 6562 1
10130 8050 1
10131 9690 1
10132 15561 1
10132 29953 1
10132 31254 1
10133 10102 1
10133 3077 1
10135 9200 1
10136 10160 1
10136 1031 1
10136 9223 1
10136 9647 1
10137 2354 1
10139 10061 1
10139 10112 1
10139 10116 1
10139 10140 1
10139 10182 1
10139 1022 1
10139 103 1
10139 10304 1
10139 11090 1
10139 13267 1
10139 16313 1
10139 17599 1
10139 26171 1
10139 5720 1
10139 751 1
1014 10123 1
1014 14239 1
1014 34182 1
10140 10102 1
10140 10198 1
10140 10218 1
10140 10239 1
10140 10261 1
10140 1031 1
10140 2353 1
10140 2455 1
10140 2979 1
10140 5393 1
10140 6972 1
10140 8036 1
10140 8293 1
10140 8614 1
10141 877 1
10143 12672 1
10143 18332 1
10145 10222 1
10145 10309 1
10145 5438 1
10145 9290 1
10146 12401 1
10146 15110 1
10146 6911 1
10146 9835 1
10147 1000 1
10147 10007 1
10147 10043 1
10147 10214 1
10147 3125 1
10149 1005 1
10149 14335 1
10150 10182 1
10150 1030 1
10150 1031 1
10151 10157 1
10151 10266 1
10151 13187 1
10151 21761 1
10151 9223 1
10152 7012 1
10153 10018 1
10153 10048 1
10153 10171 1
10153 22262 1
10153 23008 1
10153 2762 1
10153 2954 1
10153 8802 1
10154 10 1
10154 10035 1
10154 10038 1
10154 10165 1
10154 10192 1
10154 10224 1
10154 10232 1
10154 10247 1
10154 10253 1
10154 10266 1
10154 1030 1
10154 1279 1
10154 15554 1
10154 2087 1
10154 209 1
10154 4922 1
10154 5906 1
10154 7564 1
10154 9582 1
10156 10109 1
10156 10266 1
10156 1509 1
10156 2412 1
10156 5742 1
10156 7082 1
10157 100 1
10157 1010 1
10157 10140 1
10157 1122 1
10157 19111 1
10157 9944 1
10158 1002 1
10158 10054 1
10158 10067 1
10158 10067 1
10158 10268 1
10158 10309 1
10158 17030 1
10158 2810 1
10158 425 1
10158 7021 1
10158 7901 1
10158 9436 1
1016 10102 1
1016 10118 1
1016 1013 1
1016 1024 1
1016 10280 1
1016 1030 1
1016 17659 1
1016 19529 1
1016 24225 1
1016 4007 1
1016 5095 1
1016 6242 1
10160 527 1
10161 10051 1
10161 10066 1
10161 10067 1
10161 10099 1
10161 10255 1
10161 1316 1
10162 10197 1
10162 10296 1
10162 2915 1
10162 635 1
10163 10003 1
10163 10061 1
10163 10067 1
10163 10095 1
10163 10156 1
10163 13083 1
10163 16180 1
10163 2873 1
10163 805 1
10164 10 1
10164 10005 1
10164 10130 1
10164 10207 1
10164 10215 1
10164 10262 1
10164 1255 1
10164 15908 1
10164 17827 1
10164 6037 1
10164 9863 1
10165 1000 1
10165 1000 1
10165 10067 1
10165 10123 1
10165 10207 1
10165 10227 1
10165 10253 1
10165 10273 1
10165 15658 1
10165 1879 1
10165 3930 1
10166 10036 1
10167 10139 1
10167 5479 1
10169 10047 1
10169 1013 1
10169 10158 1
1017 10020 1
1017 10080 1
1017 10130 1
1017 10134 1
1017 10139 1
1017 11132 1
1017 1370 1
1017 1401 1
1017 5902 1
1017 8523 1
1017 923 1
1017 9980 1
10170 8734 1
10171 10200 1
10171 1022 1
10171 2616 1
10171 30926 1
10171 46920 1
10171 5014 1
10171 5066 1
10171 6299 1
10172 10230 1
10172 2427 1
10172 2532 1
10174 1022 1
10174 10224 1
10174 10276 1
10174 12200 1
10175 10025 1
10175 1007 1
10175 13121 1
10177 10002 1
10177 10276 1
10177 24129 1
10178 10632 1
10179 10003 1
10179 10022 1
10179 10042 1
10179 10100 1
10179 10150 1
10179 10154 1
10179 10162 1
10179 10180 1
10179 10215 1
10179 10224 1
10179 10269 1
10179 10276 1
10179 10282 1
10179 10393 1
10179 3217 1
10179 4669 1
10179 7308 1
10179 8921 1
1018 10052 1
1018 10151 1
1018 10154 1
1018 10179 1
1018 10294 1
1018 27400 1
1018 39423 1
1018 7104 1
1018 7375 1
1018 9022 1
10180 10000 1
10180 1017 1
10180 10204 1
10180 10248 1
10180 18027 1
10180 23284 1
10182 10061 1
10182 2902 1
10183 10002 1
10183 10016 1
10183 10061 1
10183 10130 1
10183 1016 1
10183 10190 1
10183 1025 1
10183 14338 1
10183 22942 1
10183 30417 1
10183 4640 1
10183 4640 1
10183 6662 1
10184 5894 1
10186 1025 1
10186 13691 1
10186 2465 1
10187 10169 1
10187 20236 1
10188 10013 1
10188 10101 1
10188 10109 1
10188 10190 1
10188 10235 1
10188 10268 1
10188 10285 1
10188 10305 1
10188 1031 1
10188 11848 1
10188 18177 1
10188 2901 1
10188 3361 1
10188 3825 1
10188 4801 1
10188 6854 1
10188 9456 1
1019 10067 1
1019 10188 1
1019 2006 1
1019 30452 1
1019 36100 1
1019 5684 1
10190 10117 1
10190 10133 1
10190 10195 1
10190 10200 1
10190 10206 1
10190 10274 1
10190 41678 1
10190 974 1
10190 9945 1
10191 11730 1
10191 22857 1
10192 1002 1
10192 10101 1
10192 10121 1
10192 10193 1
10192 10230 1
10192 10231 1
10192 10266 1
10192 10274 1
10192 10973 1
10192 4266 1
10192 5435 1
10192 5948 1
10192 7276 1
10195 10102 1
10195 10163 1
10195 10276 1
10195 14165 1
10195 3510 1
10196 10081 1
10196 3739 1
10197 10222 1
10197 1023 1
10197 10285 1
10198 10049 1
10198 8181 1
10199 10204 1
10199 10207 1
10199 6037 1
102 13145 1
102 1938 1
1020 10108 1
1020 10139 1
1020 10305 1
1020 563 1
1020 9265 1
10200 10028 1
10200 10030 1
10200 10070 1
10200 10123 1
10200 10285 1
10200 11451 1
10200 1203 1
10200 14039 1
10200 15106 1
10200 16345 1
10200 17205 1
10200 17745 1
10200 1854 1
10200 2420 1
10200 26285 1
10200 34808 1
10203 10023 1
10203 1031 1
10203 1160 1
10203 15837 1
10203 7705 1
10204 10003 1
10204 10051 1
10204 10087 1
10204 10096 1
10204 101 1
10204 1013 1
10204 12837 1
10204 14081 1
10204 15818 1
10204 16310 1
10204 1852 1
10204 3840 1
10204 627 1
10204 7754 1
10204 8739 1
10204 953 1
10204 9910 1
10205 1002 1
10205 10048 1
10205 10059 1
10205 10067 1
10205 1017 1
10205 10174 1
10205 10201 1
10205 10215 1
10205 10216 1
10205 10276 1
10205 12217 1
10205 1316 1
10205 13515 1
10205 1902 1
10205 2754 1
10205 35097 1
10205 5320 1
10205 6120 1
10205 6657 1
10205 706 1
10205 7761 1
10206 10067 1
10206 10077 1
10206 10100 1
10206 10200 1
10206 10305 1
10206 13932 1
10206 20564 1
10206 2909 1
10206 9001 1
10206 9437 1
10207 10304 1
10207 1031 1
10207 11762 1
10207 13133 1
10207 13986 1
10207 15515 1
10207 3784 1
10207 9044 1
10209 1025 1
1021 10003 1
10210 10214 1
10211 10021 1
10211 10125 1
10212 10084 1
10212 33385 1
10213 10296 1
10214 34967 1
10215 10003 1
10215 10067 1
10215 10082 1
10215 11078 1
10215 11503 1
10215 13120 1
10215 14113 1
10215 6447 1
10216 10137 1
10216 10204 1
10216 1022 1
10216 10241 1
10216 27304 1
10216 3664 1
10216 7332 1
10218 1022 1
10219 10083 1
10219 10159 1
10219 1031 1
10219 26725 1
10219 6987 1
10219 7780 1
1022 10026 1
1022 10035 1
1022 10087 1
1022 10105 1
1022 10117 1
1022 10150 1
1022 10162 1
1022 10163 1
1022 10186 1
1022 10204 1
1022 10216 1
1022 10240 1
1022 10262 1
1022 10266 1
1022 10278 1
1022 10294 1
1022 10304 1
1022 1258 1
1022 13785 1
1022 14305 1
1022 1483 1
1022 14830 1
1022 15717 1
1022 1844 1
1022 23766 1
1022 2616 1
1022 26558 1
1022 2838 1
1022 2935 1
1022 33448 1
1022 5006 1
1022 5064 1
1022 5670 1
1022 7203 1
1022 8314 1
1022 868 1
10220 10280 1
10220 15749 1
10220 5021 1
10220 5876 1
10221 10055 1
10221 11028 1
10222 10100 1
10222 10639 1
10222 676 1
10223 1031 1
10224 10215 1
10224 10266 1
10224 20840 1
10224 25416 1
10227 8230 1
10228 8343 1
10229 10164 1
10230 10121 1
10230 10145 1
10230 10161 1
10230 1017 1
10230 10188 1
10230 1019 1
10230 22555 1
10230 3568 1
10230 4036 1
10230 4260 1
10230 810 1
10231 10067 1
10231 10198 1
10231 10285 1
10232 12837 1
10232 5885 1
10234 762 1
10235 10144 1
10235 102 1
10235 11675 1
10235 2303 1
10238 24727 1
10239 10298 1
10239 2916 1
10239 8007 1
10239 8903 1
1024 10061 1
10240 10002 1
10240 1002 1
10240 10035 1
10240 10049 1
10240 10084 1
10240 10140 1
10240 10154 1
10240 10181 1
10240 10266 1
10240 12748 1
10240 12879 1
10240 7544 1
10240 8570 1
10240 8670 1
10240 943 1
10241 1000 1
10241 1010 1
10241 10118 1
10241 21366 1
10241 22251 1
10242 10167 1
10242 1030 1
10243 10 1
10243 1006 1
10243 10285 1
10243 1031 1
10243 1437 1
10245 10304 1
10245 5481 1
10246 10002 1
10246 10180 1
10246 21270 1
10247 10027 1
10247 1005 1
10247 10292 1
10247 1030 1
10247 12381 1
10247 2371 1
10248 10029 1
10248 10033 1
10248 1005 1
10248 14058 1
10248 14837 1
10248 27147 1
10249 1530 1
10249 15438 1
10249 23703 1
10249 7446 1
1025 10067 1
1025 10108 1
1025 10130 1
1025 10164 1
1025 10188 1
1025 10199 1
1025 10255 1
1025 10282 1
1025 1029 1
1025 12006 1
1025 16947 1
1025 23697 1
1025 36725 1
1025 3767 1
1025 4590 1
1025 6127 1
1025 9174 1
10250 10207 1
10251 10156 1
10251 10283 1
10251 2714 1
10252 10028 1
10252 1005 1
10252 7723 1
10253 10118 1
10253 10130 1
10253 10247 1
10253 1940 1
10253 31081 1
10253 483 1
10254 10232 1
10254 1025 1
10254 11773 1
10255 10216 1
10255 11009 1
10255 153 1
10255 16055 1
10255 3559 1
10255 4830 1
10256 9973 1
10257 10217 1
10258 1016 1
10258 10192 1
10258 9718 1
10259 10036 1
10259 1077 1
10259 11348 1
10259 22221 1
10259 5073 1
10259 6320 1
10260 10186 1
10260 10210 1
10261 15886 1
10261 5187 1
10262 10051 1
10262 1019 1
10262 10259 1
10262 7791 1
10262 980 1
10262 993 1
10263 1017 1
10265 10127 1
10265 10294 1
10266 10000 1
10266 10049 1
10266 10067 1
10266 10067 1
10266 10101 1
10266 10102 1
10266 10139 1
10266 10140 1
10266 10157 1
10266 10169 1
10266 10171 1
10266 10194 1
10266 1025 1
10266 10276 1
10266 1031 1
10266 1031 1
10266 10457 1
10266 10547 1
10266 11321 1
10266 11955 1
10266 1222 1
10266 12229 1
10266 15230 1
10266 3296 1
10266 4018 1
10266 4677 1
10266 5211 1
10266 6037 1
10266 976 1
10268 10285 1
10268 17105 1
10269 45410 1
10269 8951 1
1027 10259 1
1027 10281 1
10270 13295 1
10271 6287 1
10272 10198 1
10272 10232 1
10272 10293 1
10272 11160 1
10272 19348 1
10272 5353 1
10272 9131 1
10273 10002 1
10273 1002 1
10273 10027 1
10273 10036 1
10273 10036 1
10273 10165 1
10273 10274 1
10273 10292 1
10273 16399 1
10273 181 1
10273 1855 1
10273 24946 1
10273 5178 1
10273 6119 1
10273 6243 1
10273 7703 1
10273 8401 1
10274 1004 1
10274 1031 1
10274 17040 1
10274 26489 1
10274 496 1
10276 10054 1
10276 10115 1
10276 10130 1
10276 10165 1
10276 10172 1
10276 1020 1
10276 10241 1
10276 10266 1
10276 23491 1
10276 23502 1
10276 5479 1
10276 762 1
10276 8460 1
10276 853 1
10276 8651 1
10276 9296 1
10276 9554 1
10278 10093 1
10278 10274 1
10278 12539 1
1028 10082 1
10280 10205 1
10281 10000 1
10282 328 1
10282 93 1
10283 10038 1
10283 10087 1
10283 10118 1
10283 10206 1
10283 18989 1
10283 41434 1
10284 10146 1
10284 10221 1
10284 10232 1
10284 10266 1
10284 1027 1
10284 103 1
10284 3826 1
10284 40199 1
10285 10003 1
10285 1002 1
10285 10031 1
10285 10151 1
10285 10154 1
10285 10254 1
10285 10266 1
10285 12747 1
10285 13412 1
10285 15540 1
10285 17053 1
10285 33065 1
10285 4781 1
10285 6135 1
10285 8886 1
10285 906 1
10285 9388 1
10287 13192 1
10288 484 1
10288 7501 1
1029 10229 1
1029 19274 1
1029 20419 1
1029 23624 1
1029 5598 1
10292 1008 1
10292 10080 1
10292 1013 1
10292 10200 1
10292 10240 1
10292 10253 1
10292 10305 1
10292 16291 1
10292 3629 1
10292 7597 1
10292 9427 1
10293 10200 1
10293 11536 1
10293 14082 1
10294 10 1
10294 8944 1
10295 15393 1
10295 24958 1
10296 10090 1
10296 1010 1
10296 10221 1
10296 10251 1
10296 6538 1
10296 7695 1
10296 9669 1
10297 11014 1
10298 10024 1
10298 11908 1
10298 25376 1
10299 10121 1
10299 10171 1
10299 10639 1
10299 25224 1
10299 4640 1
103 1461 1
1030 10002 1
1030 10010 1
1030 1005 1
1030 10183 1
1030 10186 1
1030 10192 1
1030 10207 1
1030 1025 1
1030 12958 1
1030 17471 1
1030 17924 1
1030 24723 1
1030 511 1
1030 9360 1
10300 10075 1
10300 11904 1
10303 10188 1
10303 9717 1
10304 10008 1
10304 1002 1
10304 10045 1
10304 10067 1
10304 10083 1
10304 10204 1
10304 10300 1
10304 11305 1
10304 12580 1
10304 13176 1
10304 16009 1
10304 3304 1
10304 7453 1
10304 8300 1
10305 10002 1
10305 10009 1
10305 10042 1
10305 1014 1
10305 10207 1
10305 10215 1
10305 10232 1
10305 10258 1
10305 10266 1
10305 10309 1
10305 14613 1
10305 20249 1
10305 2248 1
10305 2686 1
10305 2696 1
10305 3194 1
10305 4207 1
10305 6316 1
10305 710 1
10305 8756 1
10305 9550 1
10306 10261 1
10306 10273 1
10306 34229 1
10308 10054 1
10308 10074 1
10308 10156 1
10308 27071 1
10309 10018 1
10309 10047 1
10309 10148 1
10309 10190 1
10309 3361 1
10309 8600 1
1031 10022 1
1031 10035 1
1031 10065 1
1031 10090 1
1031 10097 1
1031 1013 1
1031 10145 1
1031 10171 1
1031 10179 1
1031 10295 1
1031 10305 1
1031 13323 1
1031 1493 1
1031 15737 1
1031 186 1
1031 2229 1
1031 22427 1
1031 23992 1
1031 31164 1
1031 4155 1
1031 4227 1
1031 6879 1
1031 7446 1
1031 8496 1
1031 9369 1
10313 2725 1
10314 2533 1
10314 8821 1
10315 8026 1
10325 16278 1
10325 38825 1
10356 272 1
10363 10246 1
10368 10072 1
1037 10156 1
10374 1005 1
10374 9001 1
10376 1004 1
10384 2893 1
10386 1025 1
10390 23794 1
10395 3847 1
10407 1031 1
10413 10183 1
10433 10210 1
10444 10060 1
10467 5481 1
10474 9874 1
10478 158 1
10502 10240 1
10506 5670 1
10542 1030 1
10542 37371 1
1055 6560 1
10561 1835 1
10582 1031 1
10620 10216 1
10621 10000 1
10634 10204 1
1064 10051 1
1064 1118 1
1064 14303 1
10672 3567 1
10674 10123 1
10675 10007 1
10678 31673 1
10687 10284 1
1069 21015 1
10709 10088 1
10715 8572 1
10736 1022 1
10754 10095 1
10758 10002 1
1076 370 1
10767 10282 1
10767 15263 1
10768 10205 1
10769 10196 1
10769 29035 1
10784 23991 1
10814 10295 1
10826 10203 1
10830 10083 1
10838 8294 1
10839 10215 1
10842 5954 1
10845 10259 1
10857 10171 1
1086 10035 1
1086 10285 1
10860 10004 1
1089 10108 1
10891 6635 1
10893 10184 1
10895 10076 1
10900 7206 1
10909 10002 1
10911 18082 1
10928 10145 1
10938 9022 1
1094 10067 1
10988 16031 1
1099 623 1
11026 1030 1
11036 10179 1
11036 12690 1
11043 10169 1
11043 10175 1
11043 6344 1
1105 10435 1
11077 7953 1
11078 10215 1
1108 6146 1
11082 16673 1
11128 9578 1
11139 10210 1
11175 4340 1
1122 5462 1
11220 10139 1
11242 10205 1
11243 4857 1
11249 10118 1
11259 10289 1
11259 11113 1
11273 24259 1
11295 10180 1
11387 10615 1
11396 6024 1
11397 10082 1
11407 10199 1
11409 11934 1
11426 1030 1
1144 25916 1
11503 10090 1
11512 10243 1
11521 10038 1
11521 8687 1
11537 10051 1
11562 6669 1
11565 7429 1
1166 10102 1
11686 16627 1
11709 33859 1
11719 20529 1
1173 22118 1
11751 9423 1
11767 9583 1
11768 10215 1
11820 1014 1
11836 1002 1
11875 1777 1
1188 10084 1
1188 1031 1
11889 10514 1
11891 2096 1
11920 1022 1
11923 12483 1
1194 10206 1
11957 2616 1
11976 19425 1
11997 10154 1
11997 9774 1
12 8293 1
12006 10299 1
12041 1002 1
12091 10035 1
12093 271 1
12107 779 1
12111 727 1
12153 10102 1
12174 10121 1
12175 1031 1
12189 10568 1
12200 46938 1
12202 10054 1
12205 36579 1
12217 10139 1
12217 11300 1
12217 6494 1
12246 10052 1
12249 1019 1
12252 8573 1
12254 10070 1
12274 4795 1
12295 10146 1
123 1029 1
12312 15 1
12315 19111 1
12326 7756 1
12336 12010 1
12345 1030 1
12356 10070 1
1238 10264 1
12399 4662 1
12403 1019 1
12406 4228 1
1241 10157 1
12414 87 1
12439 8178 1
12472 10049 1
12483 10077 1
12485 9122 1
12494 6845 1
12496 2886 1
12520 4064 1
12527 10232 1
12532 10123 1
12533 10069 1
1257 10139 1
12580 10203 1
12611 8430 1
12616 21951 1
12622 21180 1
12640 10228 1
12642 10124 1
12650 10145 1
12659 5084 1
12666 7225 1
12685 12982 1
1269 6539 1
1270 7291 1
1273 10191 1
12736 12671 1
12736 15171 1
12744 1402 1
12748 6621 1
12804 3567 1
12837 426 1
12837 67 1
12855 27411 1
12867 10149 1
12899 10154 1
129 222 1
13 5365 1
130 10278 1
13010 15067 1
13021 6068 1
13023 12837 1
13028 10118 1
13032 10259 1
13081 10260 1
13091 1006 1
13097 10205 1
1311 10044 1
13139 6733 1
13148 17156 1
13173 10266 1
13183 11270 1
13200 101 1
13213 9940 1
13215 10284 1
1322 38419 1
13220 6069 1
13273 8983 1
13315 13042 1
1334 1725 1
13350 10206 1
134 181 1
13404 10211 1
13414 10255 1
13451 6370 1
13455 10261 1
13474 10009 1
13492 10262 1
13514 10305 1
13539 10086 1
13552 18438 1
13555 1022 1
13573 1030 1
13574 20926 1
1359 10022 1
13627 5486 1
13644 4092 1
13691 1390 1
1370 807 1
13710 10276 1
13716 10192 1
1373 43290 1
13750 10036 1
13781 10205 1
13826 5888 1
13881 10257 1
13898 14066 1
13929 10091 1
13962 5415 1
13963 1018 1
13976 2052 1
13989 7968 1
13990 10124 1
14001 10139 1
14039 1022 1
14058 8446 1
14106 754 1
14113 20094 1
14115 11313 1
14123 10051 1
1414 7647 1
14145 10122 1
14165 10002 1
14174 11899 1
14195 1030 1
14217 10219 1
14226 10112 1
14240 14277 1
14262 10008 1
1427 10204 1
14303 1030 1
14303 28878 1
14378 10101 1
14384 10232 1
14535 10063 1
14565 10002 1
1457 12472 1
14580 10081 1
14676 10 1
14699 10200 1
14751 16552 1
14755 28717 1
1476 10266 1
1476 9926 1
14814 10938 1
14816 8609 1
14818 10061 1
14831 10044 1
14838 10000 1
14855 12981 1
14859 15976 1
14859 4233 1
14887 8762 1
14916 14911 1
14943 10253 1
14947 1014 1
14951 6069 1
15 3210 1
15023 10233 1
15052 10070 1
1506 1013 1
15106 10266 1
15147 59 1
15161 7736 1
15179 10287 1
15179 4102 1
15254 10262 1
15286 10833 1
15294 3541 1
15314 18653 1
1532 10308 1
15329 10046 1
1537 1013 1
1537 123 1
15422 10232 1
15446 10149 1
15471 19310 1
15482 10932 1
15515 10003 1
15539 10139 1
15548 23600 1
15561 9498 1
15619 11331 1
15665 1005 1
15744 10192 1
15763 10130 1
15773 12175 1
15773 9808 1
15818 8115 1
15886 9300 1
15921 12420 1
15925 13048 1
15988 6018 1
16009 2493 1
1606 10183 1
16062 10122 1
16064 1017 1
16098 1022 1
16124 8803 1
16139 10 1
1618 12861 1
16194 22298 1
1620 21458 1
1622 10253 1
1622 10276 1
16230 10029 1
16245 13940 1
16255 10292 1
16269 495 1
16310 10232 1
16323 7560 1
16354 10140 1
16357 28385 1
16370 1017 1
1647 2870 1
1647 5932 1
1647 7797 1
16504 10157 1
16527 10283 1
16533 1022 1
1662 5584 1
16647 4028 1
16657 1008 1
16663 1006 1
16676 10109 1
16701 10213 1
16708 28894 1
16782 16497 1
1680 10003 1
16833 10084 1
16923 6932 1
1697 10145 1
17008 10082 1
17040 10049 1
17061 10149 1
17089 10067 1
1709 7930 1
17210 1007 1
17224 29998 1
17251 16630 1
17325 6897 1
1740 2712 1
17404 10204 1
17407 10262 1
17420 10035 1
17440 2351 1
17539 10200 1
1756 9941 1
17561 7729 1
17609 25664 1
1761 15021 1
17618 20896 1
17620 42963 1
17636 13150 1
17658 16017 1
17747 2571 1
17762 17833 1
17790 6456 1
1792 1013 1
17946 10220 1
17966 27586 1
17993 19016 1
18030 11625 1
18087 10213 1
18128 8668 1
1813 10010 1
1816 10147 1
1819 9897 1
18197 2902 1
18212 10253 1
18221 1002 1
18315 4174 1
18330 10212 1
18415 10066 1
18503 10273 1
18512 1002 1
1854 10437 1
18574 3532 1
18642 21182 1
18646 1383 1
18653 2284 1
18673 19837 1
1869 1030 1
18731 6445 1
1879 6585 1
1887 10228 1
18928 1031 1
1905 23230 1
19091 1008 1
19092 10163 1
19099 17040 1
1913 10200 1
1913 10282 1
19232 10003 1
1926 10185 1
19260 10294 1
19301 10496 1
1935 1004 1
19397 1031 1
19438 10077 1
19442 10296 1
19442 22840 1
19479 3287 1
19487 2883 1
19505 10 1
19546 10192 1
1956 10222 1
19582 10163 1
19582 10248 1
19582 10266 1
19626 3954 1
19645 1024 1
19663 10206 1
19677 10065 1
19755 10140 1
1977 2331 1
19791 4585 1
1983 6287 1
1987 11534 1
19899 1006 1
19901 10285 1
19963 20246 1
19985 3026 1
20039 10007 1
20061 5008 1
20157 1016 1
2021 1017 1
20226 10206 1
20288 1005 1
20316 10241 1
20319 17176 1
20419 10282 1
20430 12960 1
20446 13573 1
2046 30553 1
20502 10002 1
2052 2420 1
20521 13555 1
20525 10033 1
20551 7005 1
20590 10007 1
2061 4158 1
2061 985 1
20647 10153 1
20692 10003 1
20773 10040 1
20773 10267 1
20882 5490 1
20902 10093 1
2091 10204 1
20943 10215 1
2095 1971 1
20999 10216 1
21015 4512 1
2102 19372 1
21134 37250 1
2115 8026 1
2119 10139 1
21215 10089 1
2125 12975 1
21317 10081 1
2134 8522 1
2137 7517 1
21414 25956 1
2142 7452 1
21420 3610 1
21443 8753 1
21513 64 1
21530 1016 1
21542 5673 1
21553 10206 1
21565 11070 1
21589 10276 1
21598 1018 1
21602 5982 1
21745 7302 1
21759 10002 1
2183 10102 1
22017 1005 1
2204 10145 1
22061 10139 1
22071 10623 1
22078 10108 1
22078 10281 1
2209 10010 1
22118 10230 1
22219 10067 1
22248 10215 1
22297 677 1
22298 13976 1
22355 10266 1
22428 1853 1
2248 8228 1
2252 6544 1
22595 11905 1
22662 15360 1
22677 10304 1
22685 4044 1
22758 28377 1
22816 10003 1
22817 40924 1
2297 10061 1
2297 16249 1
23 12079 1
2301 10200 1
23032 10044 1
23057 10036 1
2313 10041 1
23132 1009 1
23157 1005 1
23274 10172 1
23286 10066 1
23329 10281 1
2333 518 1
23403 10200 1
2351 5632 1
23749 10266 1
2379 10292 1
2379 3315 1
2380 10080 1
23817 6409 1
23821 2478 1
23850 10285 1
2390 10206 1
23931 4422 1
23977 10214 1
23994 36505 1
24011 10167 1
2402 6927 1
24105 31535 1
24135 10 1
2420 10118 1
24201 1011 1
24206 8695 1
24234 30547 1
24236 10154 1
2427 808 1
24394 518 1
2440 9 1
2441 10074 1
2441 10087 1
2446 1034 1
24516 22953 1
24523 10044 1
24627 10282 1
24640 10276 1
24641 14870 1
24696 12906 1
247 11696 1
24717 1249 1
24773 3987 1
2479 10023 1
2479 10266 1
24813 2984 1
2484 6379 1
2488 1030 1
2492 1854 1
2492 24179 1
2494 10002 1
2497 12961 1
2505 5479 1
25084 10095 1
25122 15899 1
25197 14849 1
2523 10212 1
25258 10266 1
2534 10067 1
25386 7543 1
25398 10211 1
25404 30456 1
25409 5091 1
25416 10180 1
2546 20368 1
25467 10047 1
25667 1624 1
25715 2076 1
25771 18166 1
25774 10112 1
2578 7370 1
25828 9619 1
2585 10200 1
25873 5250 1
2589 34818 1
2595 10060 1
26 10266 1
2604 1553 1
26158 10109 1
2616 10100 1
2616 10139 1
26171 23948 1
26171 8261 1
26209 10209 1
26295 10096 1
26300 1016 1
2636 1006 1
2645 10188 1
2651 10149 1
26513 1022 1
2652 10136 1
26576 10 1
2662 9903 1
26662 10 1
26663 10266 1
26664 10031 1
2686 10067 1
26904 9006 1
26916 16094 1
2704 35199 1
2705 10067 1
2712 10058 1
2716 10236 1
2724 10877 1
2726 10147 1
2727 6729 1
2728 16161 1
2748 10780 1
27496 10286 1
27533 22075 1
27538 102 1
27596 14927 1
27655 10116 1
2781 10000 1
2793 1031 1
2793 19342 1
2794 4308 1
2799 10028 1
28021 382 1
28255 8738 1
28297 7334 1
28487 100 1
28492 10241 1
285 10184 1
28644 10266 1
28830 101 1
2884 1031 1
28899 11512 1
28966 2476 1
29003 1100 1
2902 10266 1
2902 19740 1
2904 10160 1
2906 14123 1
29335 9672 1
2935 16502 1
2936 10130 1
29586 10067 1
2969 15693 1
29697 10163 1
29767 11305 1
2979 10215 1
2980 1008 1
29952 7309 1
3013 10259 1
3017 10072 1
3017 10253 1
3017 2616 1
3019 10232 1
3022 12970 1
30292 6891 1
30364 19126 1
3038 3082 1
30468 7602 1
3059 10067 1
30605 1022 1
3068 3924 1
30712 10231 1
30712 30701 1
30873 10240 1
3088 10007 1
3091 10012 1
3103 19955 1
3111 12606 1
3116 10304 1
31305 9717 1
3137 14600 1
31495 9300 1
31500 18807 1
31583 7425 1
31585 15039 1
31588 10218 1
3177 10098 1
31772 10190 1
3186 10118 1
3194 1011 1
3194 1257 1
32 10199 1
3202 10255 1
321 13421 1
3212 10049 1
32148 22266 1
3217 10002 1
32182 10259 1
3230 10083 1
3234 10147 1
32342 10 1
3240 10106 1
3243 24081 1
32577 10006 1
3270 10156 1
3271 10132 1
3274 10256 1
3276 20690 1
32771 10248 1
32814 10309 1
3288 10247 1
3291 12527 1
32933 22576 1
3294 5390 1
32940 10030 1
33089 1928 1
3310 5876 1
3312 10201 1
334 10216 1
3343 7319 1
33528 10081 1
3358 7752 1
33678 13630 1
3370 4885 1
33880 10163 1
3394 11628 1
33957 1921 1
3401 11424 1
34025 1008 1
3404 10292 1
34114 10259 1
342 8172 1
3421 1022 1
3429 10292 1
34308 6509 1
3432 10088 1
3440 24602 1
3446 1002 1
34538 3404 1
3455 10190 1
3460 14593 1
3462 11407 1
34684 12776 1
34704 10002 1
34716 11545 1
3483 7672 1
3487 10044 1
34986 10118 1
35006 15230 1
3502 1002 1
3512 10030 1
3514 1389 1
35293 44737 1
3532 11204 1
35335 10242 1
35427 10273 1
3546 10147 1
3547 10284 1
3581 10157 1
3601 1005 1
3601 10285 1
3602 1025 1
3606 10035 1
36071 7143 1
3615 10183 1
3623 20310 1
36447 10270 1
3650 10118 1
36653 6894 1
3674 10140 1
3688 24572 1
37000 9404 1
3707 10183 1
3707 1058 1
37115 3017 1
3736 5489 1
375 4289 1
3752 10205 1
37612 16241 1
3767 10214 1
379 1405 1
38176 10240 1
3819 27233 1
38374 10304 1
3856 10003 1
3862 10044 1
387 10171 1
38757 10294 1
3880 13396 1
3886 10211 1
3895 10266 1
3906 10308 1
39082 5547 1
3914 3480 1
3932 10274 1
3940 10024 1
39416 18165 1
3945 7535 1
3950 10060 1
3950 5227 1
3951 12194 1
3960 10067 1
3965 7353 1
3966 4430 1
3967 105 1
3967 1363 1
39697 10084 1
3985 33442 1
39862 10102 1
40 10087 1
40024 1022 1
40092 10101 1
4015 17287 1
4018 16063 1
4020 10002 1
4020 10193 1
40245 8204 1
4027 10023 1
4034 10146 1
4045 31887 1
40502 10038 1
4057 10749 1
40599 9931 1
4060 10198 1
4062 10022 1
40633 10153 1
4064 1030 1
4083 10067 1
4084 10235 1
4084 10735 1
4115 971 1
4124 10205 1
4157 8885 1
41702 6589 1
41722 10054 1
41722 8466 1
4174 10103 1
4174 10248 1
4175 10184 1
4175 10308 1
4177 10216 1
4198 5885 1
4206 10203 1
4207 10224 1
4232 4289 1
42370 3967 1
4262 10161 1
4281 10067 1
4285 11263 1
4308 10077 1
4332 1176 1
43360 10235 1
4346 13551 1
435 21265 1
4351 10221 1
4363 24717 1
43681 10183 1
4373 1008 1
4374 10102 1
4383 10285 1
4385 10112 1
43886 24490 1
4399 10080 1
44 10163 1
44 2228 1
4401 10105 1
4409 16061 1
4422 10 1
4422 10207 1
4424 1013 1
4431 10179 1
4439 1013 1
4441 8141 1
4455 1022 1
4466 13838 1
4484 10052 1
4491 10049 1
4491 10087 1
4499 10266 1
45 5160 1
4511 6654 1
4512 21090 1
4522 10112 1
453 10100 1
4538 4866 1
4541 10240 1
45513 10139 1
4554 10002 1
4554 2728 1
4557 1016 1
4569 930 1
4579 7544 1
4580 19401 1
4586 1006 1
4604 1025 1
4621 2234 1
464 1746 1
46448 10159 1
4657 10139 1
4665 10024 1
467 10067 1
4671 10188 1
470 10147 1
4747 2420 1
4755 14288 1
4778 6952 1
4779 27817 1
4780 22997 1
4797 12369 1
4810 6883 1
4821 5715 1
4836 7205 1
4842 10116 1
4857 10183 1
4871 10139 1
4872 10276 1
4873 10022 1
4873 10158 1
4873 9250 1
4902 6733 1
4921 18690 1
4962 10112 1
4966 10154 1
4980 1005 1
5008 10219 1
5028 10285 1
5068 10146 1
5070 10015 1
5070 1002 1
5096 17030 1
5119 19881 1
5150 1022 1
5156 4852 1
516 1008 1
5161 1017 1
5161 11997 1
518 10274 1
5187 10078 1
519 10102 1
5217 1006 1
5217 11047 1
5219 10266 1
5227 10179 1
5240 10153 1
5240 410 1
5266 10188 1
5267 10064 1
5280 15970 1
5282 5420 1
5301 9584 1
5305 10271 1
5307 15444 1
5314 10130 1
5330 10125 1
5347 10150 1
5347 10200 1
5354 10241 1
5363 35248 1
5364 10121 1
5386 10230 1
5390 10067 1
5392 10200 1
5411 7395 1
5427 6875 1
543 5171 1
5430 5337 1
5434 5376 1
5439 10164 1
5444 10102 1
5444 6104 1
5458 10149 1
5458 10241 1
5467 10292 1
5474 10067 1
5481 10050 1
5488 13962 1
5512 5959 1
5546 43869 1
5549 1029 1
5565 7796 1
5591 10075 1
5601 11751 1
5613 5460 1
5627 6957 1
5630 25278 1
5632 12539 1
5633 1000 1
5635 1006 1
564 10215 1
566 10183 1
5665 20619 1
5666 29478 1
5670 6849 1
5673 10215 1
5706 12056 1
5706 20898 1
573 36039 1
5764 9275 1
5782 3110 1
5810 10089 1
5821 10002 1
5827 13336 1
5836 10216 1
5845 10003 1
5849 10123 1
5862 10023 1
588 7598 1
5885 15058 1
589 1019 1
5890 101 1
5890 10677 1
5898 1019 1
5921 10151 1
5924 100 1
5984 7089 1
5987 10230 1
5994 100 1
5994 15422 1
6008 5092 1
6038 10139 1
6045 21015 1
6059 10002 1
6071 1030 1
6073 2379 1
6113 10109 1
6113 10958 1
6113 8086 1
6119 1113 1
6136 7318 1
6161 1008 1
6183 10273 1
6187 10164 1
6187 19985 1
6190 10067 1
6196 1134 1
6206 5317 1
622 10293 1
623 10200 1
6236 4232 1
6241 10190 1
6243 6864 1
6245 10029 1
6261 3071 1
6265 12006 1
6272 1022 1
6281 7054 1
6286 10161 1
6287 1094 1
6289 10096 1
6316 10139 1
6323 12748 1
6325 10179 1
6332 10266 1
6337 10283 1
6355 16715 1
6357 1030 1
6367 10278 1
6369 7852 1
6370 10183 1
6372 12336 1
6385 10081 1
6385 9087 1
6394 10054 1
6414 10123 1
6419 857 1
6424 10058 1
6425 10030 1
6427 8989 1
6428 10084 1
6435 11387 1
6456 4975 1
6457 7209 1
6458 3195 1
6468 10217 1
6475 10139 1
6475 2260 1
6479 28158 1
649 10118 1
6499 17966 1
6508 1005 1
6523 2315 1
6531 10296 1
6532 3177 1
6544 1031 1
6622 10231 1
6646 2160 1
6700 10037 1
6700 10090 1
6700 10270 1
6700 33122 1
6718 8386 1
6730 15745 1
6743 10179 1
675 1345 1
6757 10214 1
6758 10153 1
6765 10096 1
6765 1022 1
6781 6448 1
6786 10834 1
6841 3893 1
6843 10036 1
6843 10205 1
6845 10035 1
6845 10049 1
6846 8865 1
6848 1513 1
6868 10042 1
6869 3637 1
6897 10140 1
6901 15659 1
6906 16676 1
6909 10266 1
6911 10031 1
6911 1022 1
692 10140 1
6927 3092 1
6944 10171 1
6958 10273 1
6962 10067 1
6971 10239 1
6977 10023 1
6977 11999 1
6996 10205 1
7004 10240 1
7005 10158 1
7011 10188 1
7013 1022 1
7033 1005 1
7040 1331 1
7042 10163 1
7045 10075 1
7049 6245 1
7059 10035 1
7066 10121 1
7085 1677 1
7090 10064 1
7109 1022 1
7109 10272 1
7117 7619 1
7119 7047 1
7121 14153 1
7122 10205 1
7126 1257 1
7134 23429 1
7152 4989 1
718 10007 1
7188 8788 1
72 4857 1
7204 12650 1
7204 295 1
7211 7142 1
7213 10221 1
7215 10215 1
7215 14932 1
723 8680 1
7232 1005 1
7233 10230 1
726 29326 1
7264 10243 1
7267 10054 1
7291 13962 1
7308 1934 1
732 10164 1
7334 10261 1
7336 10292 1
7345 10215 1
736 14140 1
7373 2782 1
7446 10061 1
7450 5187 1
7456 4511 1
7480 12626 1
7481 10130 1
7481 6428 1
7495 1058 1
7495 21832 1
7512 1229 1
7526 15120 1
7528 334 1
7537 10561 1
7543 10129 1
7543 12275 1
7550 10304 1
7551 8297 1
7557 10000 1
7558 10232 1
756 1011 1
7580 20450 1
7592 1028 1
7596 7373 1
760 10101 1
7604 20014 1
7625 10102 1
7646 10282 1
768 10070 1
7683 7205 1
7688 10067 1
7705 10084 1
7715 10002 1
7732 101 1
7735 12439 1
7736 6113 1
7761 3623 1
7780 10274 1
7780 10945 1
7788 10045 1
7804 10069 1
782 10309 1
7838 14747 1
7857 10009 1
7859 10081 1
786 35829 1
7863 13429 1
7866 11820 1
7882 10258 1
7899 7712 1
7919 9439 1
7922 10247 1
793 1687 1
7932 10184 1
7944 13481 1
7947 1022 1
7952 12872 1
7952 5221 1
7968 10045 1
7986 6771 1
801 10053 1
8018 1762 1
8024 10080 1
8031 1022 1
8036 6001 1
805 10235 1
8071 27400 1
8079 6539 1
8092 10180 1
8096 16909 1
814 4087 1
8142 40303 1
8146 1711 1
8152 10021 1
8162 10036 1
8162 1025 1
8176 11630 1
8177 13768 1
8196 10163 1
8200 39583 1
8204 10067 1
8213 10031 1
8216 993 1
8279 17419 1
8280 3914 1
8283 1030 1
8292 3613 1
8293 5562 1
8318 487 1
835 3842 1
8365 10096 1
8384 23698 1
8386 10276 1
8404 13710 1
8420 3076 1
8421 10003 1
8421 15309 1
8425 10176 1
8431 10284 1
8435 1117 1
8438 3323 1
8451 10124 1
8452 1016 1
8452 13528 1
8505 10118 1
8505 10230 1
8570 10220 1
8570 10304 1
8572 3395 1
8583 10240 1
8598 10190 1
8600 10179 1
8614 10052 1
8614 11650 1
8650 10082 1
8664 6233 1
8695 10191 1
8700 10067 1
8705 26639 1
8705 38841 1
8705 710 1
8711 10061 1
8721 8204 1
8726 4020 1
8732 10188 1
8738 6610 1
8743 7086 1
875 10252 1
875 9723 1
8756 7779 1
8775 3994 1
8777 10004 1
8781 10171 1
8781 10304 1
8790 10282 1
8809 10139 1
8815 10309 1
8815 20153 1
8821 10276 1
8822 6577 1
8824 16645 1
8830 5443 1
8854 1005 1
8872 7443 1
8880 7688 1
8903 10767 1
8929 9381 1
896 12854 1
8966 10072 1
8967 12565 1
897 10255 1
8977 16321 1
8980 30576 1
8998 10283 1
9 18889 1
9000 15649 1
9005 35808 1
9009 10083 1
9009 10174 1
9012 8753 1
902 11269 1
902 19093 1
9040 10857 1
906 10247 1
9069 6468 1
9080 10219 1
9095 13088 1
9100 31161 1
9104 10164 1
9106 15496 1
9131 14082 1
9145 4858 1
9148 23977 1
9152 10157 1
9158 3031 1
9165 4958 1
9190 10255 1
920 31539 1
9237 10121 1
9239 10190 1
9250 10204 1
9250 6845 1
9254 7538 1
9275 10012 1
9300 1162 1
9300 2894 1
938 10164 1
9402 10101 1
9425 7452 1
9438 10203 1
944 10238 1
9453 10087 1
9472 1013 1
9479 8234 1
9480 14037 1
9506 10200 1
9506 5257 1
9586 10290 1
9587 10067 1
9592 10002 1
9593 6727 1
9600 10067 1
9606 10090 1
9619 10061 1
965 16069 1
969 1010 1
9697 897 1
9713 25046 1
9717 19966 1
9755 20372 1
9755 2737 1
9756 1002 1
9759 10204 1
9762 4090 1
9770 5942 1
9786 10292 1
9790 10147 1
9790 10928 1
980 19437 1
987 1420 1
987 3901 1
9897 10273 1
992 42320 1
9924 10083 1
993 5790 1
9930 10127 1
9941 20440 1
9952 5635 1
9955 10130 1
9997 10266 1
