10 10241 1
10 1029 1
10 10749 1
10 10911 1
10 1108 1
10 1359 1
10 15 1
10 158 1
10 1879 1
10 1983 1
10 23286 1
10 328 1
10 40 1
10 432 1
10 44 1
10 5354 1
10 7104 1
10 7209 1
10 7233 1
10 768 1
10 814 1
10 8598 1
10 8790 1
10 9 1
10 971 1
10 974 1
100 101 1
100 129 1
100 1756 1
100 24081 1
100 2954 1
100 4064 1
100 5633 1
100 7021 1
1000 1141 1
1000 123 1
1000 1363 1
1000 222 1
1000 2402 1
1000 2716 1
1000 3212 1
1000 3514 1
1000 3856 1
1000 484 1
1000 6001 1
1000 7203 1
1000 726 1
1000 807 1
10000 1005 1
10000 15561 1
10000 16399 1
10000 17747 1
10000 18177 1
10000 2589 1
10000 3194 1
10000 32577 1
10000 3429 1
10000 40303 1
10000 4346 1
10000 6654 1
10000 7564 1
10000 8466 1
10000 8985 1
10000 9347 1
10001 1405 1
10001 18512 1
10002 10313 1
10002 1055 1
10002 10674 1
10002 10767 1
10002 11036 1
10002 12254 1
10002 12274 1
10002 12336 1
10002 12640 1
10002 13101 1
10002 13148 1
10002 13213 1
10002 13404 1
10002 13781 1
10002 14916 1
10002 16180 1
10002 16357 1
10002 18128 1
10002 20061 1
10002 22118 1
10002 24572 1
10002 24640 1
10002 24641 1
10002 25224 1
10002 28255 1
10002 3110 1
10002 32357 1
10002 32933 1
10002 3637 1
10002 4018 1
10002 40199 1
10002 40924 1
10002 4107 1
10002 42963 1
10002 4363 1
10002 4621 1
10002 5392 1
10002 6193 1
10002 6585 1
10002 7291 1
10002 7517 1
10002 7558 1
10002 7672 1
10002 7688 1
10002 7952 1
10002 8172 1
10002 8695 1
10002 8821 1
10002 8967 1
10002 9104 1
10003 10677 1
10003 11270 1
10003 12336 1
10003 13962 1
10003 14849 1
10003 15106 1
10003 17061 1
10003 18197 1
10003 18330 1
10003 3950 1
10003 3951 1
10003 4020 1
10003 4027 1
10003 4060 1
10003 4084 1
10003 4797 1
10003 5133 1
10003 5444 1
10003 5942 1
10003 6069 1
10003 6135 1
10003 6233 1
10003 6316 1
10003 6532 1
10003 7213 1
10003 7318 1
10003 7334 1
10003 7452 1
10003 7535 1
10003 7736 1
10003 7780 1
10003 7901 1
10003 8086 1
10003 8401 1
10003 8711 1
10003 9381 1
10004 3692 1
10004 6468 1
10005 134 1
10005 3601 1
10005 447 1
10006 4604 1
10007 13451 1
10007 14303 1
10007 15230 1
10007 15899 1
10007 2331 1
10007 24717 1
10007 31073 1
10007 32940 1
10007 36100 1
10007 4810 1
10007 6385 1
10007 6419 1
10007 8921 1
10007 9200 1
10007 9223 1
10007 9423 1
10007 9437 1
10008 2980 1
10008 3296 1
10008 6113 1
10008 7528 1
10009 10216 1
10009 2228 1
10009 2465 1
10009 3217 1
10009 3914 1
10009 4232 1
10009 9506 1
10010 13539 1
10010 13940 1
10010 17577 1
10010 22221 1
10010 27655 1
10010 36725 1
10010 6843 1
10011 10012 1
10011 8756 1
10012 10011 1
10012 8756 1
10013 13986 1
10014 10015 1
10014 12527 1
10014 6183 1
10014 9300 1
10015 10014 1
10015 12527 1
10015 4821 1
10015 5885 1
10015 8664 1
10015 9080 1
10015 9265 1
10018 12854 1
10018 2714 1
10018 34818 1
10018 9106 1
10018 953 1
1002 10154 1
1002 1188 1
1002 1258 1
1002 1402 1
1002 1476 1
1002 1489 1
1002 1584 1
1002 1647 1
1002 1854 1
1002 18690 1
1002 23329 1
1002 2420 1
1002 2533 1
1002 2686 1
1002 3017 1
1002 3068 1
1002 3084 1
1002 3510 1
1002 4062 1
1002 4557 1
1002 5411 1
1002 5782 1
1002 6038 1
1002 7005 1
1002 706 1
1002 7152 1
1002 7560 1
1002 7683 1
1002 7804 1
1002 835 1
1002 902 1
1002 9300 1
1002 980 1
10020 3480 1
10020 853 1
10021 2315 1
10021 3071 1
10021 4045 1
10021 5187 1
10021 5658 1
10021 8600 1
10022 10067 1
10022 10561 1
10022 16909 1
10022 21015 1
10022 21420 1
10022 25376 1
10022 29952 1
10022 3361 1
10022 3446 1
10022 4669 1
10022 5921 1
10022 8386 1
10022 8854 1
10022 9100 1
10023 10285 1
10023 12399 1
10023 12906 1
10023 15067 1
10023 15334 1
10023 2916 1
10023 312 1
10023 3819 1
10023 4569 1
10023 5066 1
10023 5266 1
10024 10895 1
10024 11043 1
10024 18062 1
10024 3520 1
10024 5706 1
10024 6243 1
10024 6845 1
10024 710 1
10024 7804 1
10024 8421 1
10024 9131 1
10025 12277 1
10025 13010 1
10025 20236 1
10025 2384 1
10025 24236 1
10025 2793 1
10025 30605 1
10025 46448 1
10025 6458 1
10026 13032 1
10027 4087 1
10027 6854 1
10027 805 1
10027 923 1
10028 12467 1
10028 12580 1
10028 14338 1
10028 14378 1
10028 1987 1
10028 25988 1
10028 6206 1
10028 7225 1
10028 9672 1
10029 11899 1
10029 11920 1
10029 17008 1
10029 30468 1
10029 31305 1
10029 5320 1
10029 6448 1
10029 7204 1
10029 810 1
10029 8758 1
10029 9940 1
1003 132 1
1003 2782 1
1003 4747 1
10030 11043 1
10030 16139 1
10030 17599 1
10030 18653 1
10030 5706 1
10030 6243 1
10030 6845 1
10030 7308 1
10030 7501 1
10030 9897 1
10031 11396 1
10031 11889 1
10031 15052 1
10031 16504 1
10031 17658 1
10031 5670 1
10031 6610 1
10031 6957 1
10031 6958 1
10031 8384 1
10032 14751 1
10033 10174 1
10033 13528 1
10033 6428 1
10034 10035 1
10035 10034 1
10035 1414 1
10035 1618 1
10035 17287 1
10035 1853 1
10035 20502 1
10035 26171 1
10035 31254 1
10035 4857 1
10035 4902 1
10035 5250 1
10035 7066 1
10035 9100 1
10035 9375 1
10036 1100 1
10036 1188 1
10036 1241 1
10036 1249 1
10036 1740 1
10036 2351 1
10036 2420 1
10036 2488 1
10036 2616 1
10036 2748 1
10036 2901 1
10036 2902 1
10036 2915 1
10036 4491 1
10036 4781 1
10036 5136 1
10036 5845 1
10036 623 1
10036 6287 1
10036 6332 1
10036 6539 1
10036 6544 1
10036 6700 1
10036 6927 1
10036 8421 1
10036 9275 1
10037 1835 1
10037 19348 1
10037 8146 1
10038 11132 1
10038 442 1
10038 4466 1
10038 5095 1
10038 7480 1
10039 2799 1
1004 1009 1
1004 15424 1
1004 1680 1
1004 24627 1
1004 426 1
1004 6987 1
10040 14106 1
10040 19645 1
10040 2745 1
10040 3650 1
10041 10042 1
10041 12837 1
10042 10158 1
10042 12520 1
10042 12837 1
10042 15294 1
10042 20430 1
10042 24773 1
10042 31081 1
10042 4174 1
10043 15988 1
10043 22355 1
10043 9973 1
10044 1622 1
10044 18342 1
10044 18574 1
10044 22285 1
10044 3294 1
10044 4351 1
10044 7712 1
10045 10046 1
10046 10045 1
10047 13555 1
10047 16701 1
10047 18027 1
10047 19016 1
10047 38757 1
10047 5211 1
10047 6508 1
10047 7109 1
10048 29586 1
10048 5091 1
10049 10615 1
10049 10834 1
10049 10839 1
10049 12217 1
10049 12472 1
10049 13429 1
10049 14565 1
10049 14838 1
10049 14887 1
10049 2052 1
10049 2096 1
10049 3606 1
10049 5068 1
10049 6296 1
10049 7134 1
10049 7343 1
10049 7450 1
10049 8234 1
10049 9980 1
1005 10000 1
1005 1023 1
1005 11875 1
1005 11934 1
1005 12041 1
1005 12879 1
1005 1383 1
1005 16291 1
1005 1697 1
1005 1724 1
1005 20319 1
1005 20529 1
1005 21542 1
1005 22595 1
1005 23274 1
1005 2333 1
1005 2450 1
1005 2505 1
1005 25197 1
1005 2523 1
1005 2793 1
1005 33385 1
1005 4028 1
1005 4489 1
1005 495 1
1005 5160 1
1005 5171 1
1005 5638 1
1005 589 1
1005 592 1
1005 6071 1
1005 6097 1
1005 6458 1
1005 7232 1
1005 751 1
1005 7779 1
1005 779 1
1005 8297 1
1005 906 1
1005 920 1
10050 2183 1
10051 10561 1
10051 11036 1
10051 1222 1
10051 1334 1
10051 15693 1
10051 3019 1
10051 334 1
10051 7121 1
10051 9087 1
10051 992 1
10051 9945 1
10052 13042 1
10052 5064 1
10052 5479 1
10052 7021 1
10052 7054 1
10052 93 1
10053 8196 1
10053 9931 1
10054 10478 1
10054 11204 1
10054 12246 1
10054 12275 1
10054 12671 1
10054 12672 1
10054 13021 1
10054 1316 1
10054 13710 1
10054 21530 1
10054 4020 1
10054 5562 1
10054 6897 1
10054 7735 1
10054 7761 1
10054 7791 1
10054 8176 1
10054 8200 1
10054 8781 1
10054 9762 1
10055 3116 1
10055 8026 1
10057 1316 1
10057 2004 1
10057 6261 1
10058 10059 1
10058 19174 1
10058 35829 1
10058 7752 1
10059 19505 1
1006 10154 1
1006 1122 1
1006 12189 1
1006 13974 1
1006 1476 1
1006 15179 1
1006 2351 1
1006 2479 1
1006 3038 1
1006 3102 1
1006 3210 1
1006 3304 1
1006 3358 1
1006 3432 1
1006 3610 1
1006 3629 1
1006 3895 1
1006 3967 1
1006 3987 1
1006 5257 1
1006 5481 1
1006 635 1
1006 676 1
1006 976 1
10060 11848 1
10060 12599 1
10060 22427 1
10060 24490 1
10060 24727 1
10060 26158 1
10060 26209 1
10060 38176 1
10060 382 1
10060 40092 1
10060 5430 1
10060 5434 1
10060 7544 1
10061 10437 1
10061 10857 1
10061 11709 1
10061 12472 1
10061 12580 1
10061 12626 1
10061 13989 1
10061 14384 1
10061 15058 1
10061 16255 1
10061 16647 1
10061 18415 1
10061 18731 1
10061 22298 1
10061 23600 1
10061 2979 1
10061 4640 1
10061 5648 1
10061 5684 1
10061 5982 1
10061 64 1
10061 6560 1
10061 6843 1
10061 7215 1
10061 7481 1
10061 7625 1
10061 786 1
10061 8815 1
10061 9228 1
10061 9250 1
10061 9713 1
10061 9910 1
10063 10064 1
10063 11305 1
10063 42320 1
10064 10063 1
10064 10124 1
10064 45319 1
10065 10814 1
10065 15496 1
10065 22017 1
10065 2904 1
10065 31583 1
10065 39697 1
10065 4586 1
10065 4795 1
10065 7206 1
10066 10988 1
10066 13710 1
10066 19232 1
10066 5591 1
10066 6996 1
10066 8435 1
10066 8966 1
10067 10022 1
10067 10217 1
10067 10379 1
10067 10973 1
10067 11047 1
10067 11512 1
10067 12194 1
10067 12403 1
10067 13187 1
10067 13200 1
10067 13552 1
10067 1401 1
10067 14180 1
10067 14217 1
10067 14831 1
10067 14855 1
10067 15314 1
10067 15749 1
10067 16310 1
10067 16497 1
10067 17040 1
10067 17062 1
10067 1740 1
10067 17539 1
10067 18653 1
10067 19301 1
10067 19356 1
10067 1938 1
10067 19626 1
10067 20153 1
10067 20450 1
10067 20485 1
10067 20902 1
10067 20943 1
10067 22071 1
10067 22953 1
10067 23977 1
10067 25046 1
10067 25416 1
10067 2588 1
10067 26662 1
10067 2873 1
10067 3240 1
10067 36653 1
10067 3674 1
10067 3886 1
10067 3945 1
10067 43886 1
10067 4422 1
10067 5021 1
10067 5047 1
10067 5240 1
10067 5280 1
10067 6120 1
10067 677 1
10067 6781 1
10067 8141 1
10067 8314 1
10067 8404 1
10067 8809 1
10067 8977 1
10067 9005 1
10067 9095 1
10067 9472 1
10067 9479 1
10067 9897 1
10068 13630 1
10068 969 1
10069 15561 1
10069 379 1
10069 5602 1
10069 6733 1
10069 6909 1
10069 7526 1
10069 9158 1
1007 19701 1
1007 19901 1
1007 23502 1
1007 34308 1
1007 5601 1
1007 8280 1
10070 11426 1
10070 12861 1
10070 14195 1
10070 16161 1
10070 25438 1
10070 4015 1
10070 4422 1
10070 5613 1
10070 5906 1
10070 5959 1
10070 7495 1
10070 7784 1
10070 8420 1
10072 11134 1
10072 12205 1
10072 19099 1
10072 20157 1
10072 3271 1
10072 3660 1
10072 4871 1
10072 87 1
10073 10826 1
10073 7882 1
10074 12 1
10074 1390 1
10074 16354 1
10074 17325 1
10074 1746 1
10074 19837 1
10074 84 1
10075 10085 1
10075 10101 1
10075 1077 1
10075 3310 1
10075 3826 1
10076 2142 1
10076 6024 1
10076 7456 1
10077 12899 1
10077 15309 1
10077 27533 1
10077 31585 1
10077 8509 1
10078 10079 1
1008 10407 1
1008 10780 1
1008 1117 1
1008 12217 1
1008 1750 1
1008 19881 1
1008 2115 1
1008 3194 1
1008 3232 1
1008 38891 1
1008 4160 1
1008 4830 1
1008 573 1
1008 5836 1
1008 6196 1
1008 760 1
1008 801 1
1008 8177 1
1008 902 1
1008 9835 1
1008 987 1
10080 10081 1
10080 10893 1
10080 13976 1
10080 14277 1
10080 14699 1
10080 14943 1
10080 16098 1
10080 16241 1
10080 16502 1
10080 16533 1
10080 17030 1
10080 17419 1
10080 20428 1
10080 2297 1
10080 23821 1
10080 29003 1
10080 32182 1
10080 5862 1
10080 59 1
10080 7309 1
10080 8036 1
10080 8824 1
10081 11331 1
10081 13414 1
10081 13492 1
10081 13976 1
10081 16527 1
10081 16782 1
10081 28492 1
10081 30712 1
10081 3092 1
10081 7345 1
10081 8036 1
10082 10838 1
10082 11534 1
10082 1173 1
10082 12200 1
10082 12900 1
10082 13932 1
10082 16627 1
10082 21759 1
10082 22855 1
10082 25995 1
10082 470 1
10082 5014 1
10082 5444 1
10082 6135 1
10082 6136 1
10082 7004 1
10082 7512 1
10082 8460 1
10082 9903 1
10083 11387 1
10083 1373 1
10083 14058 1
10083 14335 1
10083 21889 1
10083 22576 1
10083 30712 1
10083 3479 1
10083 6621 1
10083 6622 1
10083 6930 1
10083 7695 1
10083 8903 1
10083 9808 1
10084 12022 1
10084 12364 1
10084 13807 1
10084 16269 1
10084 16673 1
10084 26171 1
10084 34114 1
10084 4018 1
10084 4662 1
10084 5028 1
10084 5948 1
10084 7012 1
10084 7122 1
10084 7291 1
10084 7852 1
10084 8651 1
10084 8721 1
10084 9296 1
10084 9369 1
10085 10075 1
10085 10514 1
10085 2091 1
10086 3323 1
10086 8079 1
10086 8505 1
10087 10900 1
10087 13555 1
10087 13990 1
10087 14277 1
10087 1647 1
10087 18315 1
10087 2727 1
10087 3026 1
10087 3932 1
10087 45410 1
10087 4989 1
10087 5415 1
10087 6355 1
10087 8031 1
10087 9300 1
10087 938 1
10088 1311 1
10088 22997 1
10089 10090 1
10089 4512 1
10089 7580 1
10090 10089 1
10090 12747 1
10090 21589 1
10090 38419 1
10090 4512 1
10090 5479 1
10091 4158 1
10093 1028 1
10093 10891 1
10093 11242 1
10093 12355 1
10093 12744 1
10093 20440 1
10093 28899 1
10093 34538 1
10093 36039 1
10095 10634 1
10095 10839 1
10095 11876 1
10095 1620 1
10095 17440 1
10095 24011 1
10095 2726 1
10095 2838 1
10095 3395 1
10095 34025 1
10095 3575 1
10095 4431 1
10095 5720 1
10095 5742 1
10095 5876 1
10095 6045 1
10095 6084 1
10095 727 1
10095 8213 1
10095 9756 1
10096 11976 1
10096 14613 1
10096 17105 1
10096 17946 1
10096 23697 1
10096 28297 1
10096 28717 1
10096 30452 1
10096 3186 1
10096 5673 1
10096 5994 1
10096 6952 1
10096 7597 1
10096 8496 1
10097 31495 1
10097 7373 1
10098 13515 1
10098 13551 1
10098 20419 1
10098 25409 1
10098 4102 1
10098 7543 1
10098 8261 1
10098 8668 1
10099 15530 1
10099 2204 1
10099 27400 1
10099 2886 1
101 100 1
101 15548 1
101 1852 1
101 19677 1
101 321 1
101 3394 1
101 3581 1
101 5156 1
101 6841 1
101 808 1
101 8573 1
1010 10200 1
1010 12748 1
1010 2902 1
1010 3370 1
1010 3532 1
1010 3623 1
1010 4872 1
1010 7550 1
10100 10433 1
10100 11836 1
10100 12867 1
10100 13898 1
10100 14058 1
10100 14869 1
10100 15106 1
10100 16321 1
10100 18989 1
10100 20773 1
10100 27400 1
10100 3767 1
10100 3950 1
10100 6771 1
10100 6784 1
10100 6849 1
10100 7013 1
10100 7213 1
10100 7276 1
10100 7334 1
10100 7647 1
10100 7703 1
10100 7761 1
10100 8695 1
10101 10075 1
10101 10266 1
10101 13785 1
10101 19791 1
10101 19899 1
10101 20590 1
10101 21090 1
10101 23794 1
10101 26171 1
10101 26513 1
10101 2781 1
10101 29210 1
10101 43290 1
10101 5481 1
10101 718 1
10101 897 1
10102 10582 1
10102 12472 1
10102 1255 1
10102 13961 1
10102 14039 1
10102 14927 1
10102 15161 1
10102 15482 1
10102 16313 1
10102 20619 1
10102 21015 1
10102 22298 1
10102 23403 1
10102 2725 1
10102 3276 1
10102 33528 1
10102 33586 1
10102 3767 1
10102 41589 1
10102 4409 1
10102 4640 1
10102 5217 1
10102 5393 1
10102 5666 1
10102 6891 1
10102 7126 1
10102 7481 1
10102 8815 1
10102 9250 1
10102 9549 1
10102 9735 1
10103 12107 1
10103 12414 1
10103 17420 1
10103 35808 1
10103 4018 1
10103 4585 1
10103 5635 1
10103 5890 1
10103 6119 1
10103 7188 1
10105 13396 1
10105 8762 1
10106 11545 1
10106 1268 1
10106 30576 1
10106 4177 1
10107 36071 1
10108 12622 1
10108 13220 1
10108 13247 1
10108 15659 1
10108 20882 1
10108 24135 1
10108 27596 1
10108 453 1
10108 6287 1
10108 9619 1
10109 17561 1
10109 2595 1
10109 26558 1
10109 4922 1
10109 5479 1
10109 7705 1
1011 1012 1
1011 1902 1
1011 19546 1
1011 26489 1
1011 27496 1
1011 4207 1
1011 43869 1
10112 10139 1
10112 11070 1
10112 12056 1
10112 12606 1
10112 1370 1
10112 13881 1
10112 1532 1
10112 16009 1
10112 16064 1
10112 17040 1
10112 1740 1
10112 1855 1
10112 19985 1
10112 2125 1
10112 2848 1
10112 29478 1
10112 3177 1
10112 34684 1
10112 3512 1
10112 3541 1
10112 4374 1
10112 4780 1
10112 5227 1
10112 6757 1
10112 7353 1
10112 7796 1
10112 8533 1
10112 8614 1
10112 8983 1
10112 9404 1
10112 9592 1
10114 10115 1
10115 6289 1
10116 11861 1
10116 1194 1
10116 13644 1
10116 16069 1
10116 1928 1
10116 24179 1
10116 2578 1
10116 2704 1
10116 2705 1
10116 5435 1
10116 9593 1
10117 33065 1
10117 35293 1
10117 5635 1
10117 8386 1
10118 10639 1
10118 10842 1
10118 11696 1
10118 12533 1
10118 12855 1
10118 13691 1
10118 13838 1
10118 14502 1
10118 14932 1
10118 15748 1
10118 17053 1
10118 19479 1
10118 20039 1
10118 23994 1
10118 26663 1
10118 3404 1
10118 4852 1
10118 5420 1
10118 5438 1
10118 5439 1
10118 7264 1
10118 7538 1
10118 7596 1
10118 7619 1
10118 8162 1
10118 8438 1
10118 9122 1
10118 9582 1
10118 9717 1
10119 25084 1
10120 3480 1
10120 6671 1
10121 10413 1
10121 17609 1
10121 2297 1
10121 2379 1
10121 2390 1
10121 2455 1
10121 3315 1
10121 3965 1
10121 3966 1
10121 5073 1
10121 5191 1
10121 5301 1
10121 5353 1
10121 5462 1
10121 5894 1
10121 6059 1
10121 6104 1
10121 6241 1
10121 6509 1
10121 6729 1
10121 6730 1
10121 7085 1
10121 8160 1
10121 8609 1
10121 8885 1
10122 1279 1
10122 29697 1
10122 5632 1
10122 6944 1
10123 10386 1
10123 10753 1
10123 12381 1
10123 13750 1
10123 14262 1
10123 14947 1
10123 17887 1
10123 20773 1
10123 22857 1
10123 23429 1
10123 25416 1
10123 25715 1
10123 33122 1
10123 4294 1
10123 4439 1
10123 5096 1
10123 5364 1
10123 9174 1
10123 9456 1
10123 9863 1
10124 10064 1
10124 11026 1
10124 11305 1
10124 21414 1
10124 31500 1
10124 33957 1
10124 38841 1
10124 46920 1
10124 7732 1
10125 1992 1
10125 3707 1
10125 6287 1
10127 10356 1
10127 27538 1
10127 7047 1
10129 10067 1
10129 10217 1
10129 1913 1
10129 3243 1
1013 1014 1
1013 105 1
1013 10860 1
1013 13 1
1013 13336 1
1013 1345 1
1013 1606 1
1013 16249 1
1013 18673 1
1013 2061 1
1013 2119 1
1013 34229 1
1013 3880 1
1013 4511 1
1013 464 1
1013 4885 1
1013 4921 1
1013 6456 1
1013 67 1
1013 72 1
10130 11391 1
10130 1553 1
10130 18087 1
10130 23 1
10130 2893 1
10130 3082 1
10130 3602 1
10130 3767 1
10130 5217 1
10130 5282 1
10130 5347 1
10130 5460 1
10130 5902 1
10130 6059 1
10130 7452 1
10130 8802 1
10130 8803 1
10130 8975 1
10130 9373 1
10131 1118 1
10131 6523 1
10132 22840 1
10132 34808 1
10132 44737 1
10132 4538 1
10133 11686 1
10133 2076 1
10133 5898 1
10134 10135 1
10136 19425 1
10136 25926 1
10136 3616 1
10136 7205 1
10136 8018 1
10137 27533 1
10137 7205 1
10139 10376 1
10139 10435 1
10139 11043 1
10139 11321 1
10139 11407 1
10139 11512 1
10139 11905 1
10139 12091 1
10139 12200 1
10139 13627 1
10139 1370 1
10139 14239 1
10139 14305 1
10139 15286 1
10139 15837 1
10139 16062 1
10139 16657 1
10139 17089 1
10139 17205 1
10139 17224 1
10139 19985 1
10139 20551 1
10139 23977 1
10139 25771 1
10139 25913 1
10139 29953 1
10139 3177 1
10139 3202 1
10139 3924 1
10139 4424 1
10139 5280 1
10139 5386 1
10139 5706 1
10139 6394 1
10139 6845 1
10139 7857 1
10139 8980 1
10139 9239 1
10139 9290 1
1014 1013 1
1014 13 1
1014 15466 1
1014 15658 1
1014 2061 1
1014 2119 1
1014 21265 1
1014 2353 1
1014 4124 1
10140 10141 1
10140 10390 1
10140 13573 1
10140 15471 1
10140 19372 1
10140 22118 1
10140 23008 1
10140 27071 1
10140 37000 1
10140 38374 1
10140 41434 1
10140 4241 1
10140 5512 1
10140 5984 1
10140 6357 1
10140 6848 1
10140 7090 1
10140 7443 1
10140 8050 1
10140 8386 1
10140 8743 1
10140 8821 1
10140 8886 1
10140 9438 1
10140 9997 1
10141 5420 1
10143 24259 1
10143 5486 1
10144 30926 1
10145 10542 1
10145 12960 1
10145 28966 1
10145 2979 1
10145 563 1
10145 564 1
10145 7604 1
10145 8704 1
10145 9410 1
10145 9790 1
10145 987 1
10146 1031 1
10146 11300 1
10146 1687 1
10146 2604 1
10146 35335 1
10146 4265 1
10146 4857 1
10146 7011 1
10147 12532 1
10147 2571 1
10147 2703 1
10147 2737 1
10147 2887 1
10147 3421 1
10147 387 1
10147 3930 1
10147 4399 1
10147 5376 1
10147 5779 1
10147 588 1
10147 6494 1
10148 10149 1
10149 1622 1
10149 35248 1
10149 5006 1
10149 7089 1
10149 8570 1
10149 9360 1
10150 11768 1
10150 15329 1
10150 19342 1
10150 37250 1
10150 3842 1
10150 43 1
10150 4776 1
10151 11009 1
10151 12249 1
10151 2420 1
10151 2935 1
10151 4980 1
10151 6265 1
10151 6344 1
10151 8726 1
10153 10325 1
10153 10444 1
10153 1064 1
10153 11506 1
10153 12420 1
10153 13133 1
10153 19323 1
10153 22297 1
10153 2645 1
10153 32342 1
10153 3502 1
10153 41702 1
10153 9040 1
10153 993 1
10154 10572 1
10154 11161 1
10154 11536 1
10154 11675 1
10154 14747 1
10154 1648 1
10154 1709 1
10154 17966 1
10154 18082 1
10154 18534 1
10154 1854 1
10154 2137 1
10154 22248 1
10154 2284 1
10154 2585 1
10154 2651 1
10154 2686 1
10154 27233 1
10154 28021 1
10154 2935 1
10154 3088 1
10154 3111 1
10154 5547 1
10154 6445 1
10154 6932 1
10154 736 1
10154 7543 1
10154 8292 1
10154 8668 1
10154 9237 1
10154 9425 1
10156 10096 1
10156 11565 1
10156 13048 1
10156 15886 1
10156 19126 1
10156 20014 1
10156 22662 1
10156 24946 1
10156 28158 1
10156 28830 1
10156 4491 1
10156 5994 1
10156 6786 1
10157 10042 1
10157 10158 1
10157 12175 1
10157 12369 1
10157 12837 1
10157 15422 1
10157 16663 1
10157 4036 1
10157 4174 1
10157 5670 1
10157 6475 1
10157 8738 1
10158 10042 1
10158 10157 1
10158 12175 1
10158 12837 1
10158 15422 1
10158 15976 1
10158 17636 1
10158 19624 1
10158 21180 1
10158 30292 1
10158 4174 1
10158 5546 1
10158 5670 1
10158 6475 1
10158 6562 1
10158 8738 1
10159 26916 1
10159 2724 1
1016 14593 1
1016 16124 1
1016 1761 1
1016 19437 1
1016 2229 1
1016 22685 1
1016 23817 1
1016 25873 1
1016 34716 1
1016 35199 1
1016 3825 1
1016 41722 1
1016 4175 1
1016 516 1
1016 6037 1
1016 7204 1
1016 723 1
1016 8318 1
1016 875 1
1016 930 1
1016 9300 1
1016 9453 1
10160 36505 1
10160 5314 1
10160 9941 1
10161 11387 1
10161 11403 1
10161 15744 1
10161 21015 1
10161 29326 1
10161 370 1
10161 8903 1
10161 9148 1
10161 9498 1
10162 10198 1
10162 10938 1
10162 12572 1
10162 13023 1
10162 5876 1
10163 12153 1
10163 13176 1
10163 15021 1
10163 15908 1
10163 2252 1
10163 4579 1
10163 5612 1
10163 6299 1
10163 6370 1
10163 6479 1
10163 6765 1
10163 7045 1
10163 7899 1
10163 7919 1
10163 8024 1
10163 8026 1
10163 8181 1
10163 8739 1
10163 9669 1
10164 1162 1
10164 11908 1
10164 1229 1
10164 1247 1
10164 12496 1
10164 13083 1
10164 15737 1
10164 19529 1
10164 2379 1
10164 2532 1
10164 3568 1
10164 4285 1
10164 4430 1
10164 6270 1
10164 6316 1
10164 6372 1
10164 7049 1
10164 7688 1
10164 7780 1
10164 7838 1
10165 10687 1
10165 11249 1
10165 14755 1
10165 15147 1
10165 1921 1
10165 20564 1
10165 22061 1
10165 22428 1
10165 25404 1
10165 26171 1
10165 4007 1
10165 4241 1
10165 6068 1
10165 6468 1
10165 6743 1
10165 6883 1
10165 7723 1
10165 8522 1
10165 8865 1
10165 9759 1
10166 342 1
10166 700 1
10167 10502 1
10167 19663 1
10167 5783 1
10167 5810 1
10169 10285 1
10169 10938 1
10169 14165 1
10169 4801 1
10169 7319 1
10169 7429 1
10169 7922 1
10169 7944 1
1017 1009 1
1017 1076 1
1017 1110 1
1017 1257 1
1017 15360 1
1017 1537 1
1017 15619 1
1017 1792 1
1017 1887 1
1017 2087 1
1017 2281 1
1017 2334 1
1017 23794 1
1017 2380 1
1017 2616 1
1017 3059 1
1017 3195 1
1017 3967 1
1017 4057 1
1017 4665 1
1017 566 1
10170 18503 1
10171 10172 1
10171 10769 1
10171 11719 1
10171 11997 1
10171 11999 1
10171 13081 1
10171 13091 1
10171 14240 1
10171 18221 1
10171 18928 1
10171 19582 1
10171 3840 1
10171 5390 1
10171 6187 1
10171 6544 1
10171 8572 1
10171 8614 1
10172 10769 1
10172 13097 1
10172 24105 1
10172 6700 1
10172 8614 1
10174 10033 1
10174 12961 1
10174 13421 1
10174 14600 1
10174 26664 1
10174 6320 1
10174 6428 1
10175 334 1
10175 40245 1
10175 4842 1
10175 7788 1
10176 3503 1
10176 6337 1
10177 2234 1
10177 3954 1
10177 692 1
10178 23230 1
10179 10737 1
10179 11397 1
10179 12111 1
10179 12315 1
10179 12650 1
10179 13716 1
10179 14818 1
10179 15110 1
10179 15665 1
10179 15818 1
10179 16234 1
10179 16370 1
10179 1662 1
10179 17556 1
10179 17762 1
10179 19955 1
10179 31887 1
10179 4024 1
10179 5161 1
10179 5627 1
10179 5821 1
10179 6879 1
10179 6911 1
10179 7020 1
10179 7425 1
10179 7537 1
10179 7544 1
10179 8670 1
10179 9009 1
10179 9069 1
1018 1025 1
1018 1037 1
1018 1064 1
1018 1094 1
1018 1552 1
1018 2616 1
1018 3017 1
1018 3509 1
1018 518 1
1018 5458 1
1018 649 1
1018 7446 1
1018 8204 1
1018 980 1
1018 993 1
10180 12642 1
10180 14037 1
10180 21832 1
10180 26300 1
10180 4499 1
10180 511 1
10180 6113 1
10180 6627 1
10180 6669 1
10180 7402 1
10180 8753 1
10181 9955 1
10182 1105 1
10182 11139 1
10182 1144 1
10182 6113 1
10182 8880 1
10183 10188 1
10183 10568 1
10183 10735 1
10183 10754 1
10183 10784 1
10183 11078 1
10183 11082 1
10183 11820 1
10183 12483 1
10183 13350 1
10183 14859 1
10183 15554 1
10183 15773 1
10183 15970 1
10183 1711 1
10183 181 1
10183 23749 1
10183 3404 1
10183 3440 1
10183 3688 1
10183 5377 1
10183 7968 1
10183 8705 1
10183 9717 1
10183 9718 1
10184 12326 1
10184 14145 1
10184 20647 1
10184 24941 1
10184 7432 1
10185 5178 1
10186 1122 1
10186 17156 1
10186 23284 1
10186 42370 1
10186 4873 1
10186 7059 1
10187 3547 1
10187 3960 1
10187 8283 1
10188 10639 1
10188 10842 1
10188 11078 1
10188 11409 1
10188 12174 1
10188 12685 1
10188 13215 1
10188 13273 1
10188 13691 1
10188 14001 1
10188 14859 1
10188 15763 1
10188 15773 1
10188 17251 1
10188 19260 1
10188 2046 1
10188 22088 1
10188 2712 1
10188 4836 1
10188 5488 1
10188 5790 1
10188 6435 1
10188 6867 1
10188 7968 1
10188 8162 1
10188 8705 1
10188 9690 1
1019 1160 1
1019 12539 1
1019 1813 1
1019 2534 1
1019 285 1
1019 4115 1
1019 4401 1
1019 6242 1
1019 6854 1
1019 857 1
1019 9012 1
1019 9952 1
10190 10384 1
10190 10678 1
10190 12690 1
10190 12984 1
10190 14580 1
10190 18166 1
10190 21215 1
10190 23132 1
10190 23766 1
10190 24225 1
10190 24813 1
10190 27817 1
10190 2909 1
10190 32814 1
10190 38825 1
10190 7373 1
10190 7866 1
10191 11955 1
10191 4198 1
10191 5363 1
10191 5630 1
10192 11243 1
10192 11407 1
10192 12015 1
10192 12295 1
10192 12975 1
10192 13028 1
10192 14081 1
10192 1457 1
10192 15515 1
10192 16676 1
10192 18889 1
10192 19442 1
10192 22251 1
10192 2248 1
10192 24717 1
10192 4956 1
10192 7302 1
10192 7947 1
10192 9223 1
10192 9584 1
10192 9723 1
10193 6272 1
10193 8777 1
10194 8343 1
10195 12485 1
10195 23850 1
10195 32148 1
10195 33448 1
10195 4511 1
10195 5489 1
10195 7082 1
10196 30417 1
10196 5161 1
10196 5337 1
10196 8365 1
10197 6245 1
10197 6635 1
10197 6700 1
10197 7332 1
10197 7446 1
10197 9131 1
10198 10162 1
10198 10304 1
10198 14082 1
10198 6281 1
10199 12345 1
10199 271 1
10199 272 1
10199 375 1
10199 3994 1
10199 8944 1
102 103 1
102 5064 1
102 5632 1
102 7646 1
1020 1166 1
1020 11762 1
1020 24129 1
1020 2870 1
1020 4366 1
1020 782 1
1020 8872 1
10200 1010 1
10200 10945 1
10200 11424 1
10200 11537 1
10200 1203 1
10200 12748 1
10200 1331 1
10200 14580 1
10200 18212 1
10200 18870 1
10200 2301 1
10200 24890 1
10200 2497 1
10200 27147 1
10200 2762 1
10200 2810 1
10200 2902 1
10200 295 1
10200 3010 1
10200 3384 1
10200 3532 1
10200 3623 1
10200 4260 1
10200 4484 1
10200 4522 1
10200 4873 1
10200 5267 1
10200 5885 1
10200 710 1
10200 8096 1
10200 8431 1
10200 8687 1
10201 11751 1
10201 31161 1
10201 3906 1
10203 12217 1
10203 3194 1
10203 33880 1
10203 3559 1
10203 4554 1
10203 519 1
10203 527 1
10203 539 1
10203 5565 1
10203 7040 1
10203 8152 1
10204 10016 1
10204 10205 1
10204 10314 1
10204 11503 1
10204 11997 1
10204 12006 1
10204 1257 1
10204 12748 1
10204 13295 1
10204 14002 1
10204 14113 1
10204 16947 1
10204 17404 1
10204 17620 1
10204 17745 1
10204 1935 1
10204 19582 1
10204 2616 1
10204 2902 1
10204 31588 1
10204 3623 1
10204 40024 1
10204 5008 1
10204 5070 1
10204 6187 1
10204 6765 1
10204 6840 1
10204 8204 1
10204 8452 1
10204 9755 1
10205 10016 1
10205 10314 1
10205 10315 1
10205 1032 1
10205 10325 1
10205 10457 1
10205 11028 1
10205 11503 1
10205 11997 1
10205 14113 1
10205 18642 1
10205 19091 1
10205 19397 1
10205 19582 1
10205 21602 1
10205 22078 1
10205 25386 1
10205 2616 1
10205 2906 1
10205 30701 1
10205 3752 1
10205 4674 1
10205 5070 1
10205 5240 1
10205 5390 1
10205 5673 1
10205 6589 1
10205 7308 1
10205 7446 1
10205 8572 1
10205 9755 1
10206 10207 1
10206 123 1
10206 12584 1
10206 130 1
10206 14226 1
10206 14535 1
10206 1483 1
10206 1844 1
10206 1854 1
10206 20999 1
10206 2134 1
10206 3329 1
10206 3607 1
10206 394 1
10206 5481 1
10206 6037 1
10206 6320 1
10206 6846 1
10206 7604 1
10206 8293 1
10206 9 1
10207 10206 1
10207 1234 1
10207 20310 1
10207 25122 1
10207 25664 1
10207 25774 1
10207 27304 1
10207 2754 1
10207 27586 1
10207 3312 1
10207 35143 1
10207 4308 1
10207 4554 1
10207 6037 1
10207 8293 1
10209 15717 1
10209 9647 1
1021 19093 1
10210 11923 1
10210 1273 1
10210 1530 1
10210 6989 1
10211 13088 1
10211 26 1
10211 3601 1
10211 3847 1
10211 6662 1
10212 19963 1
10212 21565 1
10212 23032 1
10212 23948 1
10212 29767 1
10212 32771 1
10213 16937 1
10213 18332 1
10213 34370 1
10213 877 1
10214 1787 1
10214 21598 1
10214 2794 1
10214 4373 1
10214 6008 1
10214 8523 1
10215 10547 1
10215 11344 1
10215 12616 1
10215 12666 1
10215 1322 1
10215 15438 1
10215 16345 1
10215 17176 1
10215 17659 1
10215 18807 1
10215 19755 1
10215 20521 1
10215 23157 1
10215 24063 1
10215 26576 1
10215 31772 1
10215 34182 1
10215 37699 1
10215 3893 1
10215 5305 1
10215 6146 1
10215 6649 1
10215 7033 1
10215 7715 1
10216 11160 1
10216 12356 1
10216 1971 1
10216 2095 1
10216 2427 1
10216 2492 1
10216 27411 1
10216 3914 1
10216 41678 1
10216 4232 1
10216 4289 1
10216 4755 1
10216 5187 1
10216 6657 1
10216 9506 1
10218 23991 1
10218 39583 1
10218 9006 1
10219 12312 1
10219 13826 1
10219 1624 1
10219 17257 1
10219 24602 1
10219 25467 1
10219 496 1
10219 7204 1
10219 7495 1
10219 875 1
1022 1176 1
1022 12010 1
1022 12361 1
1022 12611 1
1022 1270 1
1022 14174 1
1022 1420 1
1022 1461 1
1022 1509 1
1022 153 1
1022 1537 1
1022 15649 1
1022 15818 1
1022 1677 1
1022 1692 1
1022 1777 1
1022 17924 1
1022 181 1
1022 1869 1
1022 1879 1
1022 1905 1
1022 19233 1
1022 19791 1
1022 20094 1
1022 2354 1
1022 2420 1
1022 2441 1
1022 2546 1
1022 26285 1
1022 2636 1
1022 2883 1
1022 2884 1
1022 2984 1
1022 3017 1
1022 31164 1
1022 3125 1
1022 32 1
1022 3567 1
1022 3613 1
1022 3707 1
1022 3739 1
1022 3862 1
1022 3940 1
1022 4083 1
1022 425 1
1022 4262 1
1022 435 1
1022 4422 1
1022 4441 1
1022 483 1
1022 4858 1
1022 4958 1
1022 518 1
1022 5187 1
1022 5219 1
1022 543 1
1022 5665 1
1022 6161 1
1022 6531 1
1022 6927 1
1022 696 1
1022 732 1
1022 762 1
1022 7863 1
1022 8230 1
1022 8600 1
1022 897 1
1022 9439 1
1022 944 1
10220 10152 1
10220 12093 1
10220 1934 1
10220 20372 1
10220 3460 1
10220 3664 1
10220 4233 1
10221 2371 1
10221 4044 1
10221 410 1
10221 4155 1
10221 868 1
10221 906 1
10221 9136 1
10222 13145 1
10222 2021 1
10222 24523 1
10222 6646 1
10222 762 1
10222 9697 1
10223 2440 1
10224 10225 1
10224 10374 1
10224 10830 1
10224 10845 1
10224 13574 1
10224 21513 1
10224 8430 1
10224 9578 1
10227 10021 1
10227 30598 1
10228 13139 1
10228 1940 1
10228 22758 1
10228 6056 1
10228 7005 1
10229 28644 1
10229 39862 1
10230 10374 1
10230 10715 1
10230 12401 1
10230 12439 1
10230 12659 1
10230 12682 1
10230 14837 1
10230 16323 1
10230 20525 1
10230 21182 1
10230 21553 1
10230 21745 1
10230 23703 1
10230 25916 1
10230 26131 1
10230 28377 1
10230 39082 1
10230 8652 1
10230 9600 1
10231 11295 1
10231 15745 1
10231 2379 1
10231 2484 1
10231 6236 1
10231 6414 1
10231 8222 1
10231 8680 1
10231 9391 1
10232 10270 1
10232 1058 1
10232 1389 1
10232 186 1
10232 2894 1
10232 3031 1
10232 3125 1
10232 3234 1
10232 3343 1
10232 3487 1
10232 5092 1
10232 5584 1
10232 8115 1
10233 249 1
10234 943 1
10235 14153 1
10235 1647 1
10235 1819 1
10235 22817 1
10235 23931 1
10235 33089 1
10235 6577 1
10235 9926 1
10236 7291 1
10238 3483 1
10238 985 1
10239 10265 1
10239 12252 1
10239 36579 1
10239 37371 1
10239 6127 1
1024 1022 1
1024 45 1
1024 756 1
1024 896 1
10240 10877 1
10240 11348 1
10240 13048 1
10240 13315 1
10240 13601 1
10240 15886 1
10240 15921 1
10240 16645 1
10240 16715 1
10240 17040 1
10240 20316 1
10240 22078 1
10240 2412 1
10240 2696 1
10240 30547 1
10240 35097 1
10240 5307 1
10240 6265 1
10240 6539 1
10240 7598 1
10240 782 1
10240 7822 1
10240 8530 1
10240 8531 1
10240 9145 1
10240 9770 1
10241 10 1
10241 18438 1
10241 19966 1
10241 21270 1
10241 22075 1
10241 23057 1
10241 26725 1
10241 44 1
10241 5954 1
10241 974 1
10242 11090 1
10242 6972 1
10242 7705 1
10243 1113 1
10243 16858 1
10243 4975 1
10243 5932 1
10243 6069 1
10243 6457 1
10243 6845 1
10243 7215 1
10245 6718 1
10245 7592 1
10246 25258 1
10246 5467 1
10246 9000 1
10246 9300 1
10247 10623 1
10247 10758 1
10247 11269 1
10247 13962 1
10247 16017 1
10247 26904 1
10247 3736 1
10247 5849 1
10247 7086 1
10247 8583 1
10247 8830 1
10248 10118 1
10248 11709 1
10248 15263 1
10248 17993 1
10248 25349 1
10248 25667 1
10248 3077 1
10248 3688 1
10248 5347 1
10248 6456 1
10248 9583 1
10249 19438 1
10249 22555 1
10249 3361 1
10249 45513 1
10249 7559 1
1025 10626 1
1025 1064 1
1025 1094 1
1025 1257 1
1025 22127 1
1025 2479 1
1025 2616 1
1025 2969 1
1025 3017 1
1025 3270 1
1025 3287 1
1025 3288 1
1025 3291 1
1025 3784 1
1025 4206 1
1025 5008 1
1025 518 1
1025 5458 1
1025 6245 1
1025 6325 1
1025 6379 1
1025 6700 1
1025 8204 1
1025 8389 1
1025 964 1
1025 965 1
1025 9786 1
1025 993 1
10250 14165 1
10251 1086 1
10251 11891 1
10251 11957 1
10251 3541 1
10252 7953 1
10252 8451 1
10252 9480 1
10252 9554 1
10253 1926 1
10253 19740 1
10253 20246 1
10253 21540 1
10253 22118 1
10253 23698 1
10253 24201 1
10253 25341 1
10253 28487 1
10253 28894 1
10253 29335 1
10253 40502 1
10253 43360 1
10253 43463 1
10254 14039 1
10254 4092 1
10254 5440 1
10254 7756 1
10255 11077 1
10255 11161 1
10255 11751 1
10255 13514 1
10255 16708 1
10255 19401 1
10255 20419 1
10255 21458 1
10255 28385 1
10255 4034 1
10255 7543 1
10255 7551 1
10255 8228 1
10255 8668 1
10255 9165 1
10256 10257 1
10256 14911 1
10256 20288 1
10257 11904 1
10257 23491 1
10258 10259 1
10258 10395 1
10258 13573 1
10258 20692 1
10259 10258 1
10259 11014 1
10259 11128 1
10259 11273 1
10259 12217 1
10259 13573 1
10259 13929 1
10259 4657 1
10259 5987 1
10259 6113 1
10259 6868 1
10259 7336 1
10259 9009 1
10259 9587 1
10260 10440 1
10260 37612 1
10260 39423 1
10260 9774 1
10261 11767 1
10261 1808 1
10261 4308 1
10261 6367 1
10261 7952 1
10261 9924 1
10262 1762 1
10262 19310 1
10262 2260 1
10262 26295 1
10262 39416 1
10262 3967 1
10262 4228 1
10262 4541 1
10262 7602 1
10262 8279 1
10262 9944 1
10263 10264 1
10264 10393 1
10265 10239 1
10265 10672 1
10266 10101 1
10266 10200 1
10266 10496 1
10266 10768 1
10266 1086 1
10266 1099 1
10266 11521 1
10266 11630 1
10266 11650 1
10266 12141 1
10266 12439 1
10266 12982 1
10266 1331 1
10266 1437 1
10266 14814 1
10266 14830 1
10266 15393 1
10266 16009 1
10266 16055 1
10266 16063 1
10266 16630 1
10266 1725 1
10266 17407 1
10266 1805 1
10266 18473 1
10266 18816 1
10266 19082 1
10266 1913 1
10266 1956 1
10266 1977 1
10266 20249 1
10266 20896 1
10266 2160 1
10266 2446 1
10266 2478 1
10266 2492 1
10266 30873 1
10266 3217 1
10266 3401 1
10266 3462 1
10266 34917 1
10266 40599 1
10266 4289 1
10266 46688 1
10266 467 1
10266 46938 1
10266 4759 1
10266 487 1
10266 5187 1
10266 5330 1
10266 5885 1
10266 622 1
10266 623 1
10266 6962 1
10266 7797 1
10266 7932 1
10266 8293 1
10266 8300 1
10266 8452 1
10266 8929 1
10266 9152 1
10266 9619 1
10267 9044 1
10268 11113 1
10268 11175 1
10268 13959 1
10268 2728 1
10268 4157 1
10269 2662 1
10269 2728 1
10269 4873 1
10269 9606 1
1027 1028 1
1027 22219 1
1027 8753 1
10270 10232 1
10270 3487 1
10271 10272 1
10272 10271 1
10272 2476 1
10272 34704 1
10272 6538 1
10272 7788 1
10272 793 1
10272 9941 1
10273 10620 1
10273 10842 1
10273 11730 1
10273 11820 1
10273 12483 1
10273 13973 1
10273 1506 1
10273 15179 1
10273 15254 1
10273 15444 1
10273 15925 1
10273 19111 1
10273 2102 1
10273 2209 1
10273 35006 1
10273 4671 1
10273 6190 1
10273 7143 1
10273 7211 1
10273 7370 1
10273 7968 1
10273 8216 1
10273 8705 1
10273 9254 1
10273 9717 1
10274 10474 1
10274 15446 1
10274 17210 1
10274 22942 1
10274 2493 1
10274 2494 1
10274 30456 1
10274 3076 1
10274 36447 1
10274 3901 1
10274 40633 1
10274 41722 1
10274 4175 1
10274 6733 1
10276 10305 1
10276 10506 1
10276 10857 1
10276 10928 1
10276 11259 1
10276 12736 1
10276 12776 1
10276 13173 1
10276 14123 1
10276 14676 1
10276 17471 1
10276 19274 1
10276 25956 1
10276 30364 1
10276 4084 1
10276 4669 1
10276 4779 1
10276 5066 1
10276 5427 1
10276 5482 1
10276 6499 1
10276 6727 1
10276 6911 1
10276 6977 1
10276 7109 1
10276 7117 1
10276 7754 1
10276 7859 1
10276 8142 1
10276 8822 1
10276 9022 1
10276 9250 1
10278 10279 1
10278 12229 1
10278 22677 1
10278 25828 1
10278 4385 1
10278 9001 1
10278 9190 1
10280 12539 1
10280 5150 1
10280 6448 1
10281 12650 1
10281 20840 1
10281 37115 1
10281 9586 1
10282 17966 1
10282 20368 1
10282 2427 1
10282 2441 1
10282 29998 1
10282 4962 1
10282 5764 1
10282 6369 1
10282 6875 1
10282 7395 1
10282 8092 1
10282 8178 1
10282 9550 1
10283 1269 1
10283 12970 1
10283 14303 1
10283 18165 1
10283 2248 1
10283 2303 1
10283 6409 1
10283 7986 1
10283 8700 1
10283 8775 1
10283 8788 1
10284 11034 1
10284 11625 1
10284 11628 1
10284 12079 1
10284 13121 1
10284 13183 1
10284 14688 1
10284 16245 1
10284 6286 1
10284 6864 1
10284 8570 1
10284 9723 1
10284 9930 1
10285 10023 1
10285 10736 1
10285 1134 1
10285 11562 1
10285 12202 1
10285 1238 1
10285 12494 1
10285 13323 1
10285 13962 1
10285 13963 1
10285 15023 1
10285 15039 1
10285 16552 1
10285 21443 1
10285 34967 1
10285 4340 1
10285 5365 1
10285 5419 1
10285 5443 1
10285 5598 1
10285 5888 1
10285 5924 1
10285 627 1
10285 6901 1
10285 6906 1
10285 6977 1
10285 7736 1
10285 7864 1
10285 8007 1
10285 8425 1
10285 8998 1
10286 10709 1
10287 11542 1
10287 5119 1
10287 5827 1
10288 10289 1
10288 21366 1
1029 15 1
1029 209 1
1029 4064 1
1029 43681 1
1029 6018 1
1029 614 1
1029 6758 1
10290 8570 1
10292 1034 1
10292 10932 1
10292 13150 1
10292 13267 1
10292 13310 1
10292 13474 1
10292 14651 1
10292 16230 1
10292 16310 1
10292 16923 1
10292 20446 1
10292 20814 1
10292 20926 1
10292 23624 1
10292 24206 1
10292 24958 1
10292 2652 1
10292 31535 1
10292 31539 1
10292 4580 1
10292 9436 1
10293 11460 1
10293 12406 1
10293 13120 1
10293 1513 1
10293 3567 1
10293 3615 1
10293 9388 1
10294 11283 1
10294 11521 1
10294 18121 1
10294 5227 1
10294 6424 1
10294 7930 1
10294 9275 1
10295 21761 1
10295 3022 1
10295 6894 1
10295 754 1
10296 10192 1
10296 14115 1
10296 15515 1
10296 16061 1
10296 16676 1
10296 19442 1
10296 20690 1
10296 2248 1
10296 24723 1
10296 3455 1
10296 6073 1
10296 8732 1
10297 5221 1
10298 21317 1
10298 22816 1
10298 247 1
10298 925 1
10299 10833 1
10299 11773 1
10299 12006 1
10299 12837 1
10299 15120 1
10299 4207 1
10299 8738 1
103 102 1
103 4590 1
103 675 1
103 8294 1
1030 1031 1
1030 10542 1
1030 1058 1
1030 1089 1
1030 12804 1
1030 1427 1
1030 15539 1
1030 15540 1
1030 16278 1
1030 16833 1
1030 1816 1
1030 19092 1
1030 21134 1
1030 21951 1
1030 24649 1
1030 28878 1
1030 3137 1
1030 31673 1
1030 34986 1
1030 35427 1
1030 3546 1
1030 4090 1
1030 4227 1
1030 4332 1
1030 4455 1
1030 4640 1
1030 4677 1
1030 5317 1
1030 6119 1
1030 6869 1
1030 7119 1
1030 8650 1
1030 8734 1
1030 9022 1
1030 9790 1
10300 11263 1
10300 3230 1
10300 8989 1
10303 10632 1
10303 13481 1
10303 8505 1
10303 9427 1
10304 10198 1
10304 1055 1
10304 10675 1
10304 10909 1
10304 10938 1
10304 11220 1
10304 11313 1
10304 12565 1
10304 12981 1
10304 13455 1
10304 14082 1
10304 14288 1
10304 14816 1
10304 16031 1
10304 17618 1
10304 17827 1
10304 18030 1
10304 20898 1
10304 23992 1
10304 24394 1
10304 2936 1
10304 3274 1
10304 5240 1
10304 6370 1
10304 7267 1
10304 7375 1
10304 8951 1
10304 9001 1
10305 10767 1
10305 10928 1
10305 10958 1
10305 11259 1
10305 12300 1
10305 12736 1
10305 14066 1
10305 14123 1
10305 17471 1
10305 24516 1
10305 2532 1
10305 25398 1
10305 26639 1
10305 29035 1
10305 30553 1
10305 33678 1
10305 4778 1
10305 4857 1
10305 6911 1
10305 7780 1
10305 8071 1
10305 8446 1
10305 8781 1
10305 8822 1
10305 8938 1
10305 9402 1
10306 10368 1
10306 17833 1
10306 33442 1
10306 966 1
10308 11564 1
10308 14303 1
10308 15230 1
10308 17790 1
10308 5474 1
10308 5490 1
10308 6385 1
10309 13192 1
10309 14140 1
10309 15171 1
10309 16094 1
10309 19487 1
10309 3013 1
10309 4281 1
10309 4866 1
10309 6323 1
10309 6427 1
10309 7042 1
10309 7142 1
10309 7729 1
10309 9874 1
1031 10146 1
1031 1030 1
1031 10363 1
1031 10467 1
1031 10621 1
1031 1069 1
1031 10767 1
1031 11451 1
1031 12872 1
1031 12958 1
1031 13412 1
1031 13768 1
1031 14870 1
1031 1493 1
1031 14951 1
1031 16194 1
1031 18646 1
1031 19111 1
1031 2006 1
1031 20226 1
1031 2052 1
1031 22262 1
1031 22266 1
1031 2290 1
1031 2313 1
1031 24234 1
1031 24696 1
1031 25278 1
1031 2712 1
1031 3091 1
1031 3103 1
1031 33859 1
1031 356 1
1031 3985 1
1031 4020 1
1031 40550 1
1031 4266 1
1031 4383 1
1031 4966 1
1031 5084 1
1031 5549 1
1031 5715 1
1031 5890 1
1031 6425 1
1031 6447 1
1031 6743 1
1031 6897 1
1031 6971 1
1031 7119 1
1031 7309 1
1031 7453 1
1031 7557 1
1031 7604 1
