34 108 1082040961
263 277 1082155839
58 199 1082414391
400 392 1082439619
517 68 1082439756
32 184 1082440403
399 375 1082440453
41 63 1082441188
174 63 1082441754
357 409 1082441824
105 144 1082441895
317 308 1082442153
351 299 1082442328
497 405 1082442560
281 263 1082443023
41 39 1082444944
1 255 1082450074
263 316 1082450243
41 63 1082450645
103 299 1082450656
41 222 1082467089
212 481 1082481125
44 117 1082490240
260 51 1082504083
263 239 1082517506
294 368 1082517511
281 323 1082517513
235 191 1082517516
272 273 1082518023
221 368 1082525530
36 133 1082525718
6 378 1082530949
124 8 1082538849
289 449 1082539557
69 271 1082540305
3 32 1082540354
41 177 1082540462
63 74 1082540496
400 396 1082541442
48 175 1082574211
175 48 1082576344
103 63 1082583700
36 104 1082585468
176 188 1082587705
220 95 1082588222
400 343 1082588508
3 308 1082589483
36 133 1082596555
321 228 1082597715
204 221 1082597751
44 99 1082598056
41 177 1082598122
44 74 1082598395
302 497 1082598545
34 101 1082598548
281 144 1082598685
38 101 1082598765
340 56 1082598920
44 432 1082598934
124 318 1082599072
103 392 1082599376
26 122 1082599717
297 172 1082600068
194 132 1082600409
194 62 1082600787
41 177 1082601455
378 254 1082601872
400 32 1082601913
19 365 1082602619
96 232 1082602668
103 324 1082602682
72 106 1082602700
204 51 1082602761
38 109 1082602778
9 405 1082602807
324 51 1082602838
220 505 1082603068
12 175 1082603124
145 95 1082603179
62 465 1082603219
63 199 1082603266
69 271 1082603268
194 182 1082603514
321 405 1082603571
3 155 1082603649
3 51 1082603681
9 20 1082603850
321 392 1082603868
19 58 1082603999
124 396 1082604018
297 34 1082604079
211 228 1082604696
63 155 1082605390
281 263 1082607167
474 359 1082607289
144 32 1082608354
30 132 1082608405
58 8 1082608481
19 175 1082608509
9 32 1082609249
277 481 1082609649
105 61 1082609719
429 32 1082609913
463 469 1082609972
183 184 1082610114
263 405 1082610117
63 32 1082610241
335 373 1082610294
193 149 1082610332
9 34 1082610339
214 101 1082611326
103 228 1082612106
41 473 1082612122
204 51 1082612494
52 48 1082612535
483 368 1082612618
9 368 1082612664
118 100 1082612672
323 88 1082612947
9 175 1082613371
431 398 1082613444
323 333 1082613466
168 95 1082613910
212 48 1082614030
103 316 1082614035
294 368 1082614037
220 95 1082614388
41 392 1082614460
9 8 1082614477
307 254 1082614831
204 51 1082616043
254 302 1082616085
1 30 1082616093
72 124 1082616359
289 392 1082616735
63 127 1082617102
52 201 1082617666
272 263 1082618206
53 308 1082618294
52 48 1082619042
12 101 1082619196
321 472 1082619271
204 374 1082619833
177 32 1082620003
235 191 1082620032
181 177 1082620231
44 79 1082620509
389 236 1082620689
316 355 1082620950
372 97 1082621383
176 175 1082621402
389 68 1082621459
433 434 1082621518
41 32 1082621575
69 403 1082621760
36 55 1082621825
400 396 1082621841
12 288 1082621981
483 479 1082622201
474 236 1082622692
321 174 1082622812
32 429 1082622904
41 185 1082623270
105 107 1082623289
19 365 1082623664
27 28 1082623764
321 72 1082623795
41 177 1082624060
303 212 1082624449
212 472 1082624696
221 161 1082625217
254 396 1082626287
53 254 1082627222
325 378 1082627395
335 34 1082628373
44 99 1082629290
260 51 1082629573
48 6 1082630222
398 405 1082630376
254 378 1082630411
87 63 1082630520
357 396 1082630832
220 221 1082630846
9 288 1082630976
12 175 1082631193
189 358 1082631289
62 102 1082631600
345 56 1082631611
176 445 1082631973
211 85 1082632034
335 34 1082632063
204 276 1082635084
317 263 1082635445
62 368 1082637588
44 290 1082637597
373 308 1082640108
41 56 1082653516
176 185 1082653683
50 311 1082653966
144 88 1082654051
466 372 1082654503
52 95 1082654817
36 105 1082655250
62 481 1082656071
400 286 1082659317
41 280 1082659895
176 199 1082660179
321 371 1082660743
286 34 1082660940
281 254 1082661553
297 75 1082662461
19 409 1082662716
176 63 1082662740
176 396 1082663507
413 6 1082663676
212 413 1082663773
95 52 1082664575
447 48 1082664609
403 8 1082664651
103 316 1082665970
317 479 1082666210
36 112 1082666706
19 109 1082667280
51 324 1082667312
3 132 1082667839
99 126 1082668259
103 437 1082669430
281 352 1082670352
48 175 1082670688
41 389 1082670704
317 281 1082670775
254 302 1082670850
63 46 1082670949
38 405 1082670972
212 388 1082671048
321 481 1082671401
357 409 1082671996
321 236 1082672486
12 66 1082672710
51 59 1082673531
53 341 1082673946
103 299 1082675428
88 323 1082676222
9 190 1082677446
51 528 1082677532
69 228 1082678664
27 184 1082680218
324 329 1082680860
289 392 1082680998
194 296 1082681628
191 175 1082681679
118 120 1082681912
356 63 1082682026
38 288 1082682189
321 236 1082682332
307 281 1082682731
87 8 1082683846
69 263 1082683974
434 433 1082684146
212 228 1082684222
51 523 1082684424
212 263 1082684927
19 519 1082685268
239 175 1082685511
176 8 1082685625
372 375 1082685691
41 177 1082685725
212 480 1082685768
96 95 1082686656
48 6 1082686913
211 284 1082687241
204 68 1082688025
12 101 1082688404
41 250 1082688765
144 413 1082689042
204 374 1082689139
254 396 1082689523
355 316 1082691496
324 329 1082692186
27 414 1082692204
172 460 1082692215
424 144 1082692234
160 72 1082692567
41 180 1082692612
9 288 1082692654
413 212 1082692856
281 254 1082692929
277 191 1082693082
215 51 1082693359
263 315 1082693580
318 124 1082693664
155 8 1082693705
67 256 1082693715
103 101 1082693727
41 76 1082693950
321 392 1082693958
80 58 1082694026
9 14 1082694074
316 355 1082694080
324 51 1082694144
103 464 1082694158
413 6 1082694612
211 212 1082695409
325 378 1082697472
53 340 1082698466
177 32 1082699464
44 74 1082700012
337 63 1082701057
204 432 1082701256
48 52 1082701459
176 283 1082701470
36 75 1082701484
6 378 1082701493
263 297 1082701903
321 389 1082702454
41 308 1082702546
281 314 1082702617
1 477 1082702670
378 6 1082702679
357 358 1082702885
34 101 1082702909
36 211 1082703058
212 376 1082703229
392 228 1082703442
74 378 1082703489
483 368 1082703540
6 343 1082703577
176 396 1082704067
303 194 1082704560
317 429 1082704766
368 236 1082705521
34 58 1082705563
308 281 1082705658
396 214 1082705768
323 421 1082705775
308 281 1082706733
321 487 1082706737
36 127 1082706844
176 396 1082706986
277 51 1082707082
144 99 1082707557
9 299 1082707684
332 263 1082709847
8 403 1082710212
194 296 1082710304
368 394 1082710599
19 215 1082710723
368 294 1082710926
120 75 1082710984
372 212 1082711051
378 32 1082711115
332 281 1082711129
103 177 1082711132
194 368 1082711211
9 8 1082711395
9 282 1082711713
220 48 1082712614
236 389 1082712846
96 231 1082712981
70 385 1082713007
212 413 1082713242
297 263 1082713344
105 56 1082713430
212 372 1082713619
9 148 1082713772
52 48 1082714081
272 316 1082714222
19 52 1082714356
288 368 1082714460
400 365 1082715683
389 68 1082715865
41 13 1082716576
274 481 1082716714
372 72 1082716717
281 323 1082716899
422 365 1082716941
12 13 1082716951
83 313 1082717081
44 19 1082717085
211 93 1082717213
103 299 1082717349
413 6 1082717511
214 396 1082717714
314 308 1082717856
36 221 1082717927
474 359 1082718139
101 34 1082718272
344 403 1082718540
96 137 1082718708
372 212 1082718758
60 194 1082718927
9 58 1082720154
101 190 1082720168
36 93 1082721036
254 311 1082741603
335 6 1082741645
368 288 1082742068
191 236 1082744110
334 358 1082745481
128 51 1082745659
332 281 1082745815
105 8 1082745893
63 127 1082746385
140 201 1082746993
282 34 1082747959
431 407 1082749051
431 365 1082749071
63 199 1082749129
41 463 1082749176
62 78 1082749262
321 437 1082749354
9 177 1082749374
88 220 1082749391
263 254 1082749400
431 372 1082749423
143 95 1082749444
503 263 1082749542
32 130 1082749637
128 324 1082749757
214 175 1082750393
481 6 1082750637
317 281 1082750770
357 409 1082750830
212 413 1082751284
41 407 1082751801
44 214 1082753565
321 476 1082756670
133 135 1082757534
175 191 1082758516
325 319 1082758745
164 177 1082758968
9 11 1082760011
3 84 1082760681
323 356 1082761826
263 316 1082762055
9 8 1082762898
451 32 1082763520
3 221 1082763674
9 308 1082764006
392 466 1082768258
63 74 1082768279
69 271 1082768355
6 413 1082768523
260 51 1082768576
38 288 1082768616
176 200 1082768729
19 109 1082768765
323 281 1082770262
212 88 1082770436
175 48 1082772499
409 413 1082773348
193 302 1082773642
9 132 1082773711
41 185 1082773798
36 296 1082773829
228 392 1082773864
32 198 1082777620
261 256 1082778734
483 368 1082780126
308 281 1082781105
296 63 1082781852
211 221 1082782023
281 263 1082782364
289 135 1082782436
376 191 1082782472
429 209 1082782510
335 6 1082782545
378 67 1082782564
321 316 1082782610
194 149 1082782632
423 410 1082782648
145 281 1082782678
161 162 1082782768
1 159 1082782793
422 460 1082782821
409 413 1082782896
281 316 1082782914
350 335 1082782926
9 177 1082783260
321 506 1082783365
316 263 1082783508
176 63 1082784142
69 124 1082784235
32 164 1082784982
61 105 1082785151
281 263 1082785541
286 202 1082786041
212 252 1082787361
6 472 1082787836
97 48 1082787880
275 20 1082788102
44 129 1082788143
36 58 1082788304
321 212 1082789132
103 168 1082789253
34 324 1082789317
372 355 1082789394
176 378 1082789421
9 175 1082789902
348 338 1082789993
424 175 1082790172
144 283 1082790636
79 386 1082790887
95 168 1082790910
56 214 1082790969
303 316 1082791017
389 62 1082791077
41 101 1082791153
248 375 1082791166
393 263 1082791168
9 282 1082791216
101 32 1082791248
335 72 1082791336
41 343 1082791356
3 185 1082791358
321 392 1082791450
236 368 1082791473
389 236 1082791505
41 168 1082791511
103 392 1082791516
62 368 1082791562
263 281 1082791565
41 265 1082791575
378 396 1082791590
325 128 1082791592
335 368 1082791613
492 343 1082791645
19 365 1082791703
281 308 1082791710
96 74 1082791719
96 6 1082791745
368 194 1082791770
72 263 1082791774
177 32 1082791796
248 247 1082791813
212 481 1082791825
405 191 1082791841
204 51 1082791866
396 425 1082791868
409 6 1082791906
176 101 1082791920
400 392 1082791939
32 209 1082792036
38 86 1082792059
337 281 1082792143
103 66 1082792170
254 396 1082792284
263 32 1082792398
32 63 1082792455
41 308 1082792495
12 288 1082792526
44 75 1082792551
296 194 1082792614
144 185 1082792625
317 281 1082792629
56 340 1082792639
398 405 1082792720
36 6 1082792724
44 105 1082792756
44 226 1082792771
124 396 1082792854
398 97 1082792871
321 358 1082792886
502 62 1082792890
321 75 1082792912
307 281 1082793033
474 32 1082793068
228 121 1082793085
496 475 1082793094
496 454 1082793101
144 193 1082793170
398 468 1082793174
405 263 1082793224
405 497 1082793307
103 324 1082793327
357 175 1082793357
395 175 1082793383
63 74 1082793490
143 32 1082793513
308 281 1082793526
350 365 1082793558
372 508 1082793622
41 177 1082793670
357 409 1082793700
62 465 1082793755
214 56 1082793760
400 396 1082793781
41 166 1082793787
32 378 1082793881
119 120 1082794070
350 376 1082794114
317 263 1082794174
329 415 1082794221
29 58 1082794244
194 62 1082794283
34 109 1082794299
483 368 1082794329
41 120 1082794400
12 402 1082794526
131 393 1082794637
321 504 1082794645
103 190 1082794657
191 78 1082794679
303 389 1082794697
308 311 1082794707
307 281 1082794736
277 481 1082794747
6 335 1082794771
220 32 1082794790
34 311 1082794802
9 177 1082794833
317 254 1082794838
378 396 1082794860
321 233 1082794873
357 409 1082794876
214 396 1082794883
502 309 1082794917
431 454 1082795011
281 352 1082795045
185 97 1082795074
307 254 1082795084
19 215 1082795092
479 481 1082795137
396 425 1082795149
299 34 1082795168
389 68 1082795176
357 393 1082795183
69 155 1082795194
359 144 1082795208
212 34 1082795272
32 52 1082795293
405 191 1082795341
212 372 1082795363
212 413 1082795396
494 389 1082795417
302 254 1082795418
103 256 1082795610
398 6 1082795631
9 8 1082795710
6 146 1082795788
176 218 1082795801
9 316 1082795805
176 198 1082795864
38 288 1082795899
398 368 1082796000
321 480 1082796028
297 349 1082796053
357 429 1082796076
176 256 1082796103
96 95 1082796121
212 303 1082796413
211 233 1082796466
314 48 1082796748
520 292 1082796780
371 306 1082797126
70 385 1082797139
342 194 1082797141
103 109 1082797151
19 409 1082797165
204 68 1082797326
9 463 1082797493
263 277 1082797560
209 299 1082797577
393 191 1082797717
398 405 1082797726
398 365 1082797734
214 175 1082797735
204 68 1082797758
88 32 1082797791
212 6 1082797849
368 483 1082797958
32 429 1082798009
91 81 1082798153
236 260 1082798242
53 305 1082798277
41 168 1082798295
44 214 1082798385
212 6 1082798407
389 254 1082798448
176 324 1082798456
9 288 1082798529
41 389 1082798706
392 383 1082798741
199 209 1082798811
199 20 1082798883
12 288 1082798922
204 51 1082799018
389 68 1082799073
27 414 1082799132
319 333 1082799336
236 128 1082799344
27 221 1082799395
99 8 1082799492
34 313 1082799495
483 368 1082799513
47 46 1082799813
323 455 1082800356
359 460 1082800359
307 254 1082800502
176 190 1082800641
69 95 1082800924
263 212 1082801641
318 34 1082802260
3 51 1082802278
144 222 1082802281
97 191 1082802311
394 368 1082802380
154 56 1082802402
180 182 1082802453
289 392 1082802514
413 212 1082802555
84 8 1082802568
456 527 1082802619
409 191 1082802644
409 149 1082802655
19 82 1082802667
9 15 1082802673
27 414 1082802716
332 316 1082802726
400 323 1082802768
266 50 1082802803
67 378 1082802819
19 82 1082802827
41 177 1082802893
323 281 1082802914
357 405 1082802940
12 175 1082803230
51 324 1082803230
144 241 1082803315
41 63 1082803503
9 135 1082803592
281 263 1082804389
48 175 1082805529
140 124 1082805994
335 191 1082807759
36 299 1082807764
67 63 1082807780
297 372 1082807785
294 368 1082807790
9 52 1082807799
191 405 1082807823
101 51 1082807847
41 63 1082807851
413 6 1082807856
9 391 1082808059
332 352 1082808067
396 254 1082808071
424 405 1082808080
357 409 1082808084
314 48 1082808088
36 221 1082808093
302 193 1082808097
36 285 1082808101
281 308 1082808108
44 88 1082808113
6 88 1082808118
321 392 1082808131
41 177 1082808140
1 135 1082808145
9 8 1082808153
335 34 1082808160
105 135 1082808912
372 460 1082813713
38 288 1082813753
32 154 1082814036
400 392 1082814588
9 299 1082832584
51 529 1082833362
260 181 1082833487
125 126 1082833784
317 308 1082833945
38 175 1082833992
321 358 1082834275
41 58 1082835672
101 88 1082835766
189 175 1082835825
175 214 1082836027
405 263 1082836177
400 441 1082836204
12 288 1082836225
263 308 1082836274
323 281 1082836277
393 263 1082836380
220 67 1082836457
221 3 1082837518
9 299 1082838056
103 393 1082838759
323 281 1082838772
324 329 1082838861
323 102 1082838963
101 271 1082839022
103 360 1082839070
460 359 1082839321
70 51 1082839444
321 454 1082839806
260 51 1082839859
288 50 1082839951
254 337 1082840457
103 188 1082840582
32 109 1082840800
204 48 1082840963
9 8 1082841297
431 372 1082842693
34 299 1082844137
337 72 1082844540
48 52 1082845340
260 236 1082846758
249 63 1082846766
357 63 1082847002
32 33 1082847025
9 316 1082847072
32 291 1082847398
460 368 1082848269
41 177 1082848309
204 221 1082848352
124 452 1082848373
323 88 1082848393
41 263 1082848569
297 325 1082848571
181 495 1082848608
63 67 1082848718
258 76 1082848743
400 365 1082848828
277 482 1082848843
68 61 1082848903
62 371 1082848932
175 50 1082848939
520 291 1082848944
332 281 1082848965
140 124 1082849042
103 132 1082849207
133 135 1082849305
317 308 1082849417
34 35 1082849439
321 75 1082849598
308 373 1082849766
103 63 1082850049
9 282 1082850176
44 88 1082850584
447 48 1082850713
274 6 1082850895
103 353 1082851082
62 236 1082851193
41 280 1082851231
281 263 1082851233
103 177 1082851282
67 154 1082851434
12 288 1082851605
62 502 1082851882
316 308 1082851910
212 254 1082851949
32 184 1082852027
263 254 1082852211
103 82 1082852340
86 48 1082852382
9 233 1082852800
357 464 1082852820
67 8 1082853180
204 51 1082853216
212 34 1082853229
32 177 1082853328
212 48 1082853352
38 288 1082853407
9 177 1082853455
67 396 1082853560
96 74 1082853756
27 194 1082853843
319 338 1082853844
321 392 1082853870
145 95 1082853897
212 34 1082854064
474 236 1082854150
83 59 1082854319
263 454 1082854425
36 124 1082854426
41 177 1082854527
502 392 1082854539
9 405 1082854637
376 50 1082854853
228 121 1082854944
335 6 1082854961
212 413 1082855027
335 6 1082855142
400 396 1082855336
398 405 1082855702
194 209 1082856217
103 109 1082856808
175 191 1082856866
497 302 1082856892
242 429 1082857416
103 324 1082857909
83 58 1082858085
350 6 1082858249
41 63 1082858396
308 281 1082858465
372 508 1082858527
32 175 1082858589
316 355 1082858779
368 359 1082859059
60 308 1082859471
56 68 1082859521
281 323 1082859852
221 161 1082859885
398 405 1082859925
291 72 1082859948
337 254 1082859961
372 429 1082859979
41 392 1082859994
144 240 1082860239
176 396 1082860379
52 48 1082860500
79 256 1082860754
396 378 1082860934
368 309 1082860940
51 70 1082861121
38 128 1082861421
465 62 1082861739
56 68 1082861880
405 263 1082861948
400 396 1082862258
318 124 1082862650
344 128 1082862781
32 175 1082863494
176 374 1082864167
68 389 1082864976
254 311 1082865111
372 368 1082865360
378 396 1082865421
204 48 1082865495
38 437 1082865816
124 135 1082865878
41 389 1082866000
254 308 1082866248
44 51 1082866401
277 481 1082866818
144 374 1082866991
193 311 1082867307
321 313 1082867532
342 454 1082867662
36 105 1082867874
398 405 1082867948
103 324 1082867986
400 445 1082868321
41 173 1082868333
483 368 1082870312
297 263 1082870381
297 34 1082870627
297 263 1082870736
144 193 1082872216
38 409 1082872324
103 324 1082872358
400 396 1082872392
204 257 1082872623
323 281 1082873861
342 63 1082873924
212 6 1082874683
63 174 1082874803
174 335 1082875165
9 34 1082875654
51 324 1082875666
9 10 1082876439
323 88 1082877117
396 378 1082877436
41 177 1082877744
281 323 1082878073
9 8 1082878605
365 311 1082880535
289 392 1082881208
194 206 1082881660
62 102 1082882503
398 175 1082882528
429 372 1082882709
398 405 1082882811
316 390 1082882856
409 8 1082882877
9 8 1082882893
399 149 1082882962
32 175 1082882967
181 177 1082883270
483 368 1082883506
263 316 1082883520
332 333 1082883809
70 482 1082883813
12 175 1082883835
337 281 1082883884
209 396 1082883971
302 393 1082884190
396 254 1082884232
124 318 1082884244
274 481 1082884244
289 371 1082884333
447 34 1082884479
75 313 1082884511
281 323 1082884570
209 429 1082884650
103 101 1082884947
321 311 1082885487
321 392 1082885499
41 14 1082885579
9 299 1082885637
368 441 1082885661
175 214 1082885665
263 281 1082885702
355 316 1082885727
175 48 1082885760
38 52 1082885764
317 311 1082885813
248 283 1082885824
48 175 1082885851
355 316 1082885872
44 88 1082885995
41 177 1082886030
19 72 1082886052
281 308 1082886054
372 389 1082886083
316 355 1082886157
314 95 1082886172
44 102 1082886236
19 409 1082886253
95 109 1082886316
103 437 1082886336
48 175 1082886351
32 527 1082886368
212 48 1082886421
297 234 1082886450
41 63 1082886469
145 281 1082886544
44 129 1082886587
19 52 1082886610
41 63 1082886643
317 308 1082886675
41 188 1082886688
308 281 1082886740
311 50 1082886758
484 372 1082886835
36 299 1082886857
321 392 1082886858
321 359 1082886907
376 191 1082886952
44 60 1082886971
400 429 1082887049
103 135 1082887056
103 454 1082887127
263 277 1082887137
194 223 1082887211
19 409 1082887212
96 74 1082887232
140 6 1082887269
101 100 1082887307
323 281 1082887307
297 349 1082887319
440 513 1082887418
400 52 1082887443
44 308 1082887532
51 324 1082887549
288 211 1082887567
308 254 1082887579
9 154 1082887603
63 79 1082887671
211 251 1082887678
140 6 1082887699
41 168 1082887827
281 323 1082887873
204 68 1082887958
103 86 1082888015
175 32 1082888041
386 50 1082888043
324 51 1082888052
12 360 1082888140
52 48 1082888220
214 215 1082888339
263 503 1082888339
128 62 1082888392
38 288 1082888413
103 66 1082888524
119 120 1082888536
175 48 1082888645
98 97 1082888725
41 42 1082888735
91 92 1082888740
318 34 1082888751
212 48 1082888917
242 209 1082888920
263 257 1082888953
9 371 1082889054
62 502 1082889075
103 392 1082889113
212 75 1082889140
30 31 1082889149
44 32 1082889180
307 6 1082889202
44 50 1082889235
236 389 1082889359
281 323 1082889416
335 191 1082889474
6 413 1082889542
41 168 1082889561
332 281 1082889610
176 269 1082889621
317 308 1082889643
392 502 1082889644
36 211 1082889677
41 180 1082889744
3 221 1082889746
9 288 1082889784
96 48 1082889800
119 58 1082889822
220 48 1082889856
175 48 1082889864
103 63 1082889893
323 88 1082889910
51 149 1082889911
297 349 1082889912
144 99 1082889944
6 413 1082890000
184 101 1082890036
306 438 1082890042
44 242 1082890098
463 469 1082890105
335 72 1082890119
281 323 1082890169
63 185 1082890229
71 72 1082890272
52 48 1082890344
396 124 1082890453
321 72 1082890494
368 236 1082890594
317 254 1082890705
199 210 1082890722
263 281 1082890779
431 88 1082890791
9 58 1082891353
41 256 1082891427
368 359 1082891687
73 74 1082891732
174 335 1082891807
277 191 1082891832
36 109 1082891974
220 95 1082892015
96 137 1082892045
36 73 1082892059
335 72 1082892126
212 211 1082892318
447 48 1082892518
36 209 1082892909
51 429 1082893190
214 154 1082893197
41 80 1082893204
398 254 1082893221
214 109 1082893246
19 302 1082893416
175 32 1082894381
32 263 1082894822
297 325 1082896466
6 404 1082898211
41 63 1082898283
36 81 1082898359
294 51 1082898422
402 281 1082916711
314 333 1082917027
323 356 1082920909
69 84 1082921464
176 63 1082922014
272 273 1082924527
263 222 1082925314
357 409 1082925927
105 56 1082926341
9 212 1082928441
124 135 1082929648
386 260 1082929848
474 359 1082930135
393 263 1082932458
400 446 1082932673
9 14 1082932884
9 308 1082933693
69 6 1082933989
307 48 1082934223
323 88 1082935467
429 32 1082935765
9 78 1082935814
398 378 1082936101
36 56 1082936128
128 236 1082936805
323 88 1082936843
38 288 1082937060
398 378 1082937580
128 324 1082937803
103 63 1082937885
288 368 1082937994
97 338 1082938175
48 175 1082938396
193 149 1082939235
144 193 1082939473
378 32 1082939913
44 14 1082939964
220 48 1082940004
36 214 1082940059
41 169 1082940866
44 129 1082940869
12 66 1082940878
69 124 1082940883
323 88 1082941180
317 315 1082941624
176 396 1082942825
307 67 1082943527
67 32 1082943650
161 63 1082944411
368 468 1082944567
472 263 1082944891
124 396 1082944983
393 263 1082945103
29 443 1082945228
329 324 1082945257
321 502 1082945287
199 101 1082945306
204 79 1082945312
38 288 1082945495
398 463 1082945596
220 221 1082945648
323 281 1082945798
19 409 1082946058
6 84 1082946164
483 368 1082946205
103 221 1082946226
323 281 1082946267
308 281 1082946301
274 6 1082946540
19 365 1082946633
41 325 1082948735
79 109 1082948778
337 254 1082950430
308 281 1082950522
191 136 1082950910
316 355 1082951104
3 51 1082951267
447 51 1082951300
328 52 1082951438
297 372 1082951480
103 63 1082951551
132 30 1082951704
212 413 1082951755
317 308 1082951893
277 482 1082952078
67 32 1082952225
9 135 1082952345
248 375 1082952399
409 50 1082952539
103 192 1082953823
321 368 1082955438
277 51 1082955515
19 22 1082956140
128 493 1082956481
9 465 1082956655
483 368 1082957133
60 308 1082957380
395 8 1082957450
263 316 1082957505
212 6 1082957673
286 221 1082957685
56 154 1082957765
19 365 1082957918
378 396 1082958043
263 352 1082958047
335 6 1082958105
128 51 1082958123
400 82 1082958138
501 236 1082958311
398 405 1082958356
316 263 1082958564
220 48 1082958693
41 407 1082958864
38 177 1082958867
103 63 1082958883
9 8 1082958907
144 195 1082958919
101 190 1082958944
368 294 1082959027
168 95 1082959053
103 215 1082959263
335 373 1082959303
335 72 1082959336
299 34 1082959459
212 481 1082959529
41 168 1082959563
212 88 1082959897
316 355 1082959982
368 460 1082960026
371 377 1082960053
337 281 1082960057
429 32 1082960298
120 119 1082960602
41 63 1082960649
62 502 1082960659
12 175 1082960672
212 387 1082960750
425 378 1082960820
9 52 1082960837
38 288 1082960895
41 382 1082960931
204 221 1082960943
193 233 1082960952
103 299 1082960970
101 34 1082960973
494 445 1082960993
297 289 1082961076
400 396 1082961084
254 302 1082961176
314 34 1082961242
9 8 1082961242
1 211 1082961311
517 359 1082961339
220 32 1082961365
36 6 1082961392
332 281 1082961537
177 180 1082961570
386 343 1082961699
389 303 1082961727
429 32 1082961748
36 112 1082961772
176 392 1082961860
260 199 1082961870
9 368 1082961879
259 256 1082961929
379 450 1082962022
144 99 1082962113
357 358 1082962153
426 427 1082962179
94 320 1082962234
74 459 1082962262
9 32 1082962447
41 407 1082962531
62 349 1082962543
379 432 1082962575
51 324 1082962615
9 17 1082962676
36 90 1082962686
335 34 1082962975
9 299 1082963055
273 272 1082963180
103 63 1082963303
204 68 1082963419
479 358 1082963512
69 293 1082963526
372 236 1082963598
44 214 1082963698
62 389 1082963741
297 325 1082963914
44 46 1082963954
316 355 1082963984
19 52 1082963990
176 419 1082963999
34 343 1082964096
465 62 1082964277
69 95 1082964379
131 297 1082964745
204 48 1082964847
345 318 1082964990
96 164 1082965148
128 324 1082965192
263 472 1082965334
184 32 1082965685
254 378 1082965883
355 316 1082966014
317 308 1082966042
378 6 1082966218
260 283 1082966219
289 392 1082966415
96 163 1082966429
103 215 1082966689
9 32 1082966760
344 403 1082966813
41 177 1082966844
34 313 1082966852
400 396 1082966928
321 479 1082967168
48 175 1082967206
314 51 1082967462
286 221 1082967605
212 51 1082967629
281 314 1082967716
221 128 1082967817
48 175 1082967828
281 308 1082967931
1 2 1082968126
212 211 1082968173
321 411 1082968223
41 463 1082968537
400 429 1082968737
335 72 1082968947
103 63 1082968955
475 496 1082969098
6 378 1082969149
79 260 1082969190
308 373 1082969403
144 185 1082969638
41 97 1082969709
398 6 1082969738
9 177 1082969738
44 90 1082969776
297 62 1082969785
91 92 1082969792
62 368 1082969961
97 349 1082970044
103 324 1082970336
212 252 1082970407
87 8 1082970440
321 405 1082970857
19 215 1082970979
144 322 1082971101
103 175 1082971150
317 254 1082971275
335 98 1082971353
220 62 1082971457
398 368 1082971533
316 355 1082971702
308 281 1082971964
128 221 1082971984
103 375 1082972294
349 97 1082972379
124 72 1082972464
212 51 1082972502
260 287 1082972614
302 138 1082972625
212 481 1082972650
337 281 1082972760
372 466 1082972822
27 194 1082973198
176 181 1082973247
103 93 1082973381
281 323 1082973381
12 168 1082973436
323 281 1082973442
214 396 1082973474
63 185 1082973512
303 212 1082973527
357 409 1082973742
144 193 1082973961
263 311 1082974060
317 281 1082974144
212 224 1082974197
389 236 1082974249
321 177 1082974280
321 288 1082974303
400 443 1082974309
27 184 1082974386
399 126 1082974526
36 40 1082974579
220 95 1082974655
69 373 1082974853
175 191 1082974962
501 236 1082974992
19 302 1082975725
79 70 1082975764
41 52 1082976041
9 8 1082977240
288 211 1082977423
288 50 1082977768
9 288 1082979630
41 63 1082979777
135 105 1082979788
12 175 1082979801
103 270 1082980205
297 263 1082980899
181 432 1082984436
297 325 1082990408
96 224 1082997707
38 101 1082999612
409 194 1083002608
378 425 1083002711
263 297 1083002837
424 175 1083002917
53 308 1083003469
323 281 1083003485
88 144 1083003512
332 281 1083003577
204 262 1083003589
324 51 1083003597
399 396 1083003722
335 368 1083003991
51 215 1083004997
189 358 1083006622
32 263 1083007282
425 378 1083007302
345 361 1083007346
367 368 1083008168
431 32 1083008385
357 476 1083009684
79 58 1083010200
483 368 1083010857
321 392 1083011025
281 402 1083011135
41 58 1083011411
103 396 1083013364
36 254 1083014060
398 405 1083015753
176 32 1083016090
32 184 1083016196
36 75 1083016582
317 308 1083016687
44 117 1083016708
345 346 1083016814
36 60 1083017089
220 271 1083017192
405 508 1083017242
431 407 1083017268
423 410 1083017396
176 396 1083017720
254 378 1083017863
323 124 1083017914
398 405 1083018602
282 34 1083018944
368 236 1083019152
103 166 1083020491
164 8 1083021617
221 161 1083021844
212 51 1083022164
321 376 1083022276
424 315 1083023022
34 299 1083023075
281 263 1083023508
396 191 1083023948
372 407 1083024166
289 97 1083025217
314 48 1083025404
6 7 1083025931
41 168 1083026148
372 72 1083026255
307 368 1083026576
19 365 1083026942
220 62 1083027037
69 349 1083027132
30 72 1083028007
94 84 1083028488
413 6 1083029301
96 32 1083029386
74 379 1083029651
357 405 1083029836
281 323 1083029893
263 281 1083030012
9 32 1083030013
132 3 1083030041
317 263 1083030163
378 396 1083030264
398 405 1083030317
317 308 1083030405
409 263 1083030532
337 281 1083030664
12 175 1083030944
19 215 1083030975
277 184 1083031058
103 63 1083031145
176 132 1083031256
176 202 1083032211
281 263 1083032265
103 58 1083032504
321 209 1083032516
302 372 1083032539
236 389 1083032563
41 503 1083032603
454 263 1083032703
398 405 1083032793
41 437 1083033278
429 209 1083033436
41 168 1083034076
9 212 1083034095
321 460 1083034587
372 392 1083035131
32 88 1083035176
254 378 1083035238
358 479 1083035536
69 79 1083035816
497 405 1083035963
260 211 1083036046
144 359 1083036102
344 172 1083036179
214 525 1083036461
271 101 1083036825
357 466 1083037271
103 215 1083037427
260 127 1083037809
12 175 1083037958
398 396 1083038046
496 454 1083038176
63 337 1083038352
378 32 1083038413
386 50 1083038532
321 412 1083038647
9 177 1083038988
60 308 1083039126
56 170 1083039195
423 454 1083039328
56 154 1083039395
19 409 1083039452
335 34 1083039858
19 120 1083040089
335 34 1083040542
9 209 1083040579
176 233 1083040656
36 34 1083040803
254 378 1083040855
67 164 1083040896
128 329 1083041034
334 128 1083041045
32 68 1083041232
176 283 1083041256
308 281 1083041290
9 288 1083041513
155 3 1083041550
41 270 1083041605
74 63 1083041702
144 142 1083041796
103 56 1083041845
204 104 1083042068
9 282 1083042070
368 236 1083042184
174 63 1083042202
391 263 1083042284
32 58 1083042290
212 413 1083042293
212 209 1083042296
19 409 1083042299
447 6 1083042328
75 120 1083042558
9 212 1083042564
308 435 1083042622
103 311 1083042629
325 378 1083042689
392 228 1083042792
447 325 1083042906
379 432 1083042930
432 8 1083043002
483 368 1083043025
144 260 1083043079
140 308 1083043118
297 289 1083043169
191 175 1083043278
44 129 1083043534
314 34 1083043697
378 254 1083043880
9 315 1083044032
350 6 1083044172
288 294 1083044324
121 191 1083044420
41 186 1083044490
36 75 1083044683
194 1 1083044794
313 78 1083044947
128 325 1083045016
186 185 1083045130
44 214 1083045132
41 32 1083045343
368 367 1083045391
101 190 1083045403
145 48 1083045481
131 30 1083045621
67 175 1083045631
378 6 1083045796
103 267 1083045812
19 64 1083046108
6 378 1083046309
12 316 1083046371
99 8 1083046424
34 33 1083046517
389 254 1083046581
220 221 1083046587
144 48 1083046681
272 316 1083046737
321 392 1083046747
36 32 1083046855
9 8 1083046856
62 260 1083046925
321 392 1083046954
350 376 1083046959
501 236 1083046991
234 166 1083047094
176 97 1083047186
277 299 1083047192
335 368 1083047269
41 248 1083047287
103 464 1083047289
281 323 1083047351
103 185 1083047431
19 109 1083047473
48 58 1083047562
9 311 1083047686
79 166 1083047721
12 288 1083047725
317 316 1083047774
176 177 1083047914
329 324 1083047970
308 263 1083048049
332 281 1083048108
316 263 1083048142
337 254 1083048203
236 389 1083048275
345 318 1083048359
212 51 1083048364
44 127 1083048388
204 51 1083048537
63 430 1083048577
41 63 1083048584
400 188 1083048646
321 482 1083048714
372 389 1083048866
48 52 1083048886
317 254 1083048890
399 364 1083049022
176 20 1083049049
103 185 1083049150
41 63 1083049258
335 50 1083049398
316 263 1083049431
368 288 1083049439
212 51 1083049455
176 396 1083049459
334 364 1083049507
469 519 1083049532
302 254 1083049576
268 149 1083049585
294 51 1083049587
297 263 1083049589
484 372 1083049642
191 175 1083049663
12 288 1083049674
103 392 1083049757
392 502 1083049799
308 60 1083049856
48 81 1083049863
359 368 1083049878
103 72 1083049918
19 82 1083049958
286 34 1083050023
372 72 1083050040
321 368 1083050074
410 201 1083050138
460 372 1083050144
335 6 1083050197
277 352 1083050222
9 8 1083050238
318 124 1083050270
41 43 1083050292
368 359 1083050318
128 211 1083050322
3 155 1083050322
194 199 1083050384
319 337 1083050385
334 437 1083050435
214 175 1083050442
335 6 1083050451
317 254 1083050465
372 466 1083050540
316 355 1083050563
494 389 1083050581
12 175 1083050631
52 48 1083050659
456 194 1083050734
254 8 1083050820
294 368 1083051051
303 212 1083051145
32 59 1083051161
263 405 1083051214
372 72 1083051243
335 72 1083051270
9 465 1083051310
389 454 1083051361
212 75 1083051363
175 48 1083051369
101 184 1083051374
41 407 1083051420
9 150 1083051546
212 67 1083051548
41 63 1083051558
310 405 1083051565
239 175 1083051590
3 32 1083051630
281 302 1083051657
63 174 1083051679
274 74 1083051760
9 24 1083051797
32 155 1083051818
204 48 1083051851
212 224 1083051860
174 63 1083051910
321 316 1083051932
52 201 1083051980
317 281 1083052010
102 62 1083052109
144 48 1083052114
321 311 1083052138
260 386 1083052157
329 333 1083052166
12 302 1083052351
400 454 1083052376
9 411 1083052479
204 298 1083052485
19 139 1083052500
359 368 1083052516
51 476 1083052524
176 63 1083052558
493 329 1083052594
248 374 1083052599
325 6 1083052599
129 8 1083052612
103 464 1083052624
372 460 1083052634
441 368 1083052634
321 491 1083052650
214 56 1083052680
103 177 1083052696
396 124 1083052822
398 368 1083052853
416 212 1083052966
220 95 1083053076
48 52 1083053076
19 420 1083053094
277 481 1083053150
289 392 1083053191
323 88 1083053230
378 254 1083053234
398 405 1083053318
175 48 1083053336
321 392 1083053358
194 368 1083053372
277 362 1083053606
62 354 1083053687
103 109 1083053715
496 475 1083053742
50 386 1083053756
363 502 1083053785
323 281 1083053810
204 51 1083053834
349 391 1083053934
299 6 1083054004
51 324 1083054026
103 86 1083054061
41 120 1083054096
321 487 1083054129
400 396 1083054297
131 393 1083054350
161 63 1083054369
447 325 1083054375
263 479 1083054432
414 396 1083054475
335 50 1083054480
368 367 1083054553
131 393 1083054583
103 135 1083054608
323 281 1083054617
359 460 1083054686
72 372 1083054768
53 54 1083054880
176 392 1083055071
41 168 1083055125
51 324 1083055126
101 34 1083055155
41 168 1083055198
36 109 1083055286
6 413 1083055317
56 345 1083055368
9 18 1083055543
34 242 1083055578
313 34 1083055714
145 281 1083055734
423 343 1083055752
194 60 1083055773
41 134 1083055798
44 211 1083055804
9 282 1083055886
9 299 1083055918
220 67 1083055942
297 372 1083055973
62 215 1083055973
378 74 1083055994
36 89 1083056032
1 397 1083056097
53 481 1083056124
19 519 1083056136
199 279 1083056145
220 95 1083056161
323 281 1083056179
9 308 1083056209
3 4 1083056210
396 124 1083056250
19 419 1083056278
69 75 1083056308
34 313 1083056320
254 302 1083056368
319 338 1083056373
398 254 1083056419
41 32 1083056471
51 215 1083056485
204 374 1083056517
281 302 1083056526
350 299 1083056573
447 51 1083056595
6 413 1083056623
321 460 1083056627
212 48 1083056649
204 181 1083056662
144 23 1083056718
303 6 1083056788
372 392 1083056790
338 144 1083056894
254 396 1083056900
176 197 1083056901
12 175 1083056938
61 105 1083057014
520 291 1083057044
98 97 1083057091
319 333 1083057097
355 316 1083057110
41 177 1083057129
19 409 1083057135
396 378 1083057168
335 368 1083057181
307 6 1083057193
48 46 1083057207
302 281 1083057216
204 298 1083057286
48 52 1083057302
140 308 1083057310
176 396 1083057341
174 63 1083057352
19 446 1083057379
468 300 1083057433
378 254 1083057466
429 372 1083057538
74 63 1083057547
204 271 1083057556
193 302 1083057607
63 174 1083057715
429 242 1083057823
41 166 1083057875
160 72 1083057892
316 263 1083057920
396 399 1083057935
316 355 1083057936
398 164 1083057954
48 175 1083057965
321 502 1083057973
36 75 1083057988
44 88 1083058072
372 389 1083058126
323 75 1083058191
103 175 1083058197
19 365 1083058200
19 82 1083058318
308 311 1083058323
27 414 1083058351
74 379 1083058361
176 392 1083058366
254 8 1083058393
221 161 1083058456
36 109 1083058474
321 489 1083058505
62 128 1083058560
263 409 1083058563
41 180 1083058672
332 308 1083058686
9 460 1083058711
38 288 1083058818
101 515 1083058828
281 323 1083058831
317 308 1083058843
475 368 1083058863
323 281 1083058896
36 90 1083058911
308 254 1083058949
131 368 1083059026
56 172 1083059027
143 32 1083059050
41 63 1083059152
103 168 1083059239
62 465 1083059326
220 48 1083059364
372 368 1083059388
103 324 1083059426
460 372 1083059442
316 355 1083059456
451 67 1083059457
105 135 1083059530
96 6 1083059560
32 177 1083059568
212 263 1083059583
34 242 1083059595
19 158 1083059600
289 212 1083059623
140 124 1083059670
53 253 1083059686
321 464 1083059728
454 496 1083059733
9 405 1083059770
204 68 1083059792
321 352 1083059809
160 72 1083059814
324 51 1083059874
38 288 1083059875
398 480 1083059898
483 368 1083059913
51 58 1083059914
48 311 1083059931
334 62 1083059942
97 316 1083059948
323 281 1083059955
263 405 1083059967
389 496 1083059998
389 424 1083060043
187 186 1083060045
48 256 1083060072
342 260 1083060073
128 51 1083060080
321 288 1083060080
103 215 1083060107
63 174 1083060124
277 299 1083060143
63 127 1083060162
70 174 1083060164
409 191 1083060166
9 109 1083060170
109 124 1083060195
359 368 1083060197
38 288 1083060206
176 32 1083060211
357 343 1083060244
101 190 1083060245
447 372 1083060271
41 222 1083060274
144 281 1083060276
398 74 1083060292
209 242 1083060329
44 511 1083060344
41 134 1083060350
321 491 1083060378
6 481 1083060472
260 448 1083060512
12 260 1083060540
509 454 1083060576
398 368 1083060582
453 32 1083060587
44 373 1083060642
323 281 1083060686
9 8 1083060704
314 228 1083060730
56 105 1083060744
319 325 1083060745
501 236 1083060745
431 454 1083060781
398 378 1083060791
323 75 1083060818
335 6 1083060921
9 288 1083060928
19 409 1083060984
144 88 1083060986
321 344 1083061017
104 59 1083061026
392 228 1083061042
310 97 1083061050
321 480 1083061065
372 375 1083061071
368 359 1083061077
260 51 1083061126
41 280 1083061140
63 127 1083061218
425 396 1083061234
323 281 1083061242
212 75 1083061252
321 368 1083061261
212 472 1083061262
6 481 1083061291
212 6 1083061296
335 356 1083061374
324 329 1083061376
191 175 1083061394
41 177 1083061417
128 324 1083061491
72 71 1083061492
27 414 1083061531
19 365 1083061557
212 413 1083061557
314 281 1083061558
88 32 1083061635
9 97 1083061687
201 410 1083061703
32 378 1083061805
176 166 1083061813
212 88 1083061823
400 392 1083061849
308 254 1083061851
103 109 1083061862
413 212 1083061862
378 325 1083061881
38 288 1083061923
51 324 1083061923
94 84 1083061927
19 8 1083061962
176 63 1083061972
51 324 1083061973
101 190 1083062033
323 102 1083062037
321 450 1083062166
332 308 1083062185
204 298 1083062191
176 392 1083062198
175 48 1083062215
103 109 1083062238
63 301 1083062362
67 32 1083062390
32 243 1083062399
288 368 1083062404
316 263 1083062468
399 76 1083062514
254 378 1083062612
9 316 1083062887
176 396 1083063012
103 72 1083063152
124 109 1083063154
282 214 1083063250
324 51 1083063288
211 213 1083063334
41 380 1083063451
30 72 1083063472
44 99 1083063499
335 155 1083063595
494 389 1083063630
323 88 1083063636
103 365 1083063738
41 391 1083063738
75 313 1083063751
41 63 1083063758
143 67 1083063783
314 34 1083063796
483 479 1083063820
175 48 1083063847
101 68 1083063867
260 211 1083063936
41 392 1083063938
501 236 1083063989
281 144 1083064028
44 75 1083064113
263 344 1083064139
103 344 1083064183
204 68 1083064183
220 95 1083064203
191 236 1083064218
378 254 1083064231
62 502 1083064259
6 378 1083064271
323 75 1083064307
317 254 1083064311
41 64 1083064344
335 34 1083064348
176 72 1083064366
372 460 1083064455
103 365 1083064528
447 172 1083064535
308 60 1083064551
41 396 1083064559
281 402 1083064567
212 413 1083064652
36 109 1083064759
9 8 1083064853
378 396 1083064944
379 289 1083064955
3 51 1083065103
335 34 1083065130
19 58 1083065252
36 413 1083065262
357 409 1083065296
212 376 1083065434
378 425 1083065512
317 308 1083065735
513 514 1083065739
355 316 1083065877
372 212 1083065896
344 263 1083066192
128 62 1083066198
19 409 1083066211
69 271 1083066921
332 281 1083067015
60 308 1083067059
313 75 1083067112
378 325 1083067491
41 308 1083067955
281 323 1083068038
63 199 1083082176
368 359 1083082264
143 67 1083082289
523 524 1083084866
396 378 1083086889
95 63 1083087641
101 190 1083090612
263 316 1083090771
32 177 1083091492
518 345 1083092071
215 51 1083092085
74 379 1083092897
63 301 1083093126
389 68 1083093170
372 482 1083093502
175 48 1083093578
281 263 1083093802
263 405 1083093823
9 282 1083094118
317 263 1083094295
41 63 1083094714
204 48 1083094824
263 316 1083095027
357 460 1083095083
281 308 1083095776
323 276 1083096640
404 132 1083097060
400 504 1083098056
321 460 1083099877
101 190 1083099910
38 81 1083101060
95 109 1083101271
274 6 1083101610
101 34 1083101799
9 175 1083101863
274 376 1083102130
309 368 1083103114
204 68 1083103124
211 265 1083103443
51 267 1083103578
283 260 1083103631
308 263 1083103804
144 99 1083103809
289 220 1083103868
321 396 1083103968
25 21 1083104021
19 478 1083104084
502 62 1083104339
101 184 1083104496
41 78 1083104612
9 391 1083104711
350 376 1083104901
332 308 1083104947
323 281 1083104962
400 429 1083105030
38 288 1083105108
12 175 1083105124
103 324 1083105152
297 325 1083105188
3 51 1083105206
9 165 1083105258
32 184 1083105295
72 335 1083105325
321 454 1083105510
239 236 1083105554
494 389 1083105599
41 177 1083105621
313 34 1083105640
372 97 1083105768
400 428 1083105781
263 316 1083105804
38 288 1083105827
102 97 1083105855
177 32 1083105883
6 413 1083105906
335 368 1083105927
12 175 1083105978
212 51 1083106081
91 92 1083106137
372 460 1083106174
311 308 1083106178
321 392 1083106193
502 62 1083106201
313 34 1083106477
297 325 1083106505
32 396 1083107133
429 242 1083107261
494 389 1083107272
44 84 1083107293
38 101 1083107317
36 105 1083107331
204 48 1083107357
9 8 1083107520
400 396 1083107576
9 8 1083107591
479 8 1083107608
372 72 1083107619
181 454 1083107633
475 496 1083107815
103 63 1083107922
131 368 1083107942
297 272 1083108005
53 481 1083108049
221 161 1083108196
249 8 1083108433
396 214 1083108556
357 480 1083108586
227 26 1083108596
36 285 1083108666
51 324 1083108728
36 133 1083108753
88 323 1083108754
48 144 1083108789
372 311 1083108790
121 228 1083108846
263 405 1083108854
69 373 1083108935
254 281 1083108951
281 323 1083108967
44 129 1083108980
9 235 1083108991
212 75 1083109025
9 32 1083109044
161 63 1083109062
379 289 1083109086
67 410 1083109094
237 191 1083109122
36 50 1083109163
429 32 1083109175
9 308 1083109188
199 58 1083109226
41 63 1083109281
19 409 1083109460
321 392 1083109467
484 372 1083109478
102 62 1083109553
12 175 1083109713
20 275 1083109744
281 302 1083109899
385 70 1083110161
466 51 1083110433
308 337 1083110443
349 8 1083110470
281 323 1083110472
103 97 1083110482
466 392 1083110507
103 215 1083110513
131 30 1083110535
9 260 1083110537
38 39 1083110540
502 392 1083110545
254 281 1083110551
263 316 1083110594
399 382 1083111023
307 6 1083111065
215 51 1083111094
9 389 1083111103
27 414 1083111111
447 6 1083111141
372 368 1083111187
368 322 1083111207
323 281 1083111224
323 281 1083111257
135 133 1083111291
6 378 1083111343
191 175 1083111406
103 480 1083111523
405 263 1083112125
36 254 1083112158
311 308 1083112174
124 396 1083112651
399 386 1083112689
260 181 1083112815
204 266 1083112911
161 162 1083113199
38 288 1083113383
480 212 1083113428
474 32 1083113618
44 365 1083113699
9 153 1083114319
357 409 1083114475
323 75 1083114639
314 48 1083115099
335 60 1083115308
9 288 1083115356
19 365 1083115436
400 429 1083115463
263 308 1083115776
41 185 1083115808
398 6 1083115870
12 175 1083116167
324 34 1083116285
44 102 1083116435
212 413 1083116497
48 311 1083116783
211 260 1083117117
51 324 1083117394
9 157 1083117461
212 48 1083117490
357 378 1083117970
175 48 1083118047
479 263 1083118315
344 403 1083119116
212 228 1083119288
132 149 1083119324
63 32 1083119427
38 288 1083119900
175 32 1083120013
220 95 1083120107
372 460 1083120564
62 266 1083120835
260 127 1083121409
260 51 1083121502
356 335 1083121868
114 105 1083122396
9 216 1083122477
245 191 1083122495
41 523 1083122681
367 323 1083122770
297 349 1083122831
368 359 1083122855
41 300 1083122881
357 407 1083122905
335 72 1083122952
191 315 1083123030
41 177 1083123188
321 460 1083123209
103 392 1083123211
323 337 1083123217
204 68 1083123239
51 294 1083123605
51 324 1083123614
9 151 1083123705
398 74 1083123744
103 299 1083123926
314 48 1083123956
41 186 1083124059
103 324 1083124107
236 368 1083124221
12 175 1083124339
332 281 1083124442
51 58 1083124541
481 6 1083124549
70 124 1083124567
103 63 1083124601
303 212 1083124713
321 507 1083124795
422 335 1083124835
161 164 1083124936
9 177 1083124980
317 191 1083125071
368 460 1083125213
67 32 1083125349
212 376 1083125400
69 271 1083125532
204 51 1083125667
344 209 1083125878
386 399 1083126430
398 368 1083126449
103 324 1083128409
297 248 1083128724
398 463 1083128819
321 402 1083129305
32 63 1083129425
3 88 1083130095
103 52 1083130334
204 184 1083130437
185 63 1083131104
321 392 1083131165
323 281 1083131167
398 378 1083131203
161 63 1083131885
308 315 1083132247
128 325 1083132310
41 165 1083132431
372 212 1083132852
321 405 1083132933
114 124 1083133066
282 214 1083133100
103 324 1083133114
90 56 1083133383
263 405 1083133705
97 228 1083133785
67 378 1083133846
6 378 1083133883
168 95 1083133977
481 479 1083134153
41 43 1083134189
308 311 1083134259
34 101 1083134389
52 48 1083134433
79 48 1083134624
372 466 1083134771
176 315 1083134978
62 236 1083135153
372 72 1083135530
337 281 1083135577
313 34 1083135684
32 88 1083135702
379 74 1083135788
248 283 1083135894
9 8 1083135954
400 445 1083135991
9 58 1083136032
204 298 1083136067
475 496 1083136393
34 313 1083136411
19 409 1083136498
68 56 1083136514
396 378 1083136547
256 48 1083136550
204 51 1083136551
357 454 1083136552
405 263 1083136578
32 430 1083136599
63 155 1083136620
6 376 1083136665
357 409 1083136669
286 202 1083136808
318 124 1083136812
281 323 1083136923
67 32 1083136937
319 338 1083136956
34 313 1083136970
277 482 1083137013
88 144 1083137033
317 308 1083137057
277 481 1083137060
95 168 1083137068
41 407 1083137141
44 74 1083137184
41 168 1083137194
376 372 1083137249
48 86 1083137261
399 299 1083137333
453 516 1083137340
36 401 1083137362
32 8 1083137394
277 184 1083137436
302 193 1083137494
277 184 1083137510
502 309 1083137527
220 221 1083137549
63 290 1083137588
41 177 1083137598
274 6 1083137621
335 6 1083137707
335 72 1083137730
220 48 1083137742
321 365 1083137749
317 308 1083137757
144 99 1083137758
199 260 1083137899
372 429 1083137978
289 65 1083137998
263 254 1083138057
324 51 1083138260
97 338 1083138267
263 297 1083138279
51 314 1083138354
101 184 1083138365
9 282 1083138370
340 56 1083138424
12 175 1083138433
372 460 1083138436
308 60 1083138504
63 127 1083138524
398 378 1083138532
236 389 1083138543
299 399 1083138554
36 105 1083138578
321 349 1083138597
307 48 1083138653
335 356 1083138754
212 416 1083138789
332 281 1083138845
365 95 1083138883
8 254 1083139085
142 58 1083139159
140 185 1083139161
335 34 1083139273
19 111 1083139285
128 236 1083139355
44 74 1083139359
44 174 1083139423
321 209 1083139452
400 428 1083139485
498 495 1083139493
67 396 1083139527
501 236 1083139552
211 288 1083139564
338 319 1083139566
357 409 1083139579
465 62 1083139641
335 34 1083139730
103 20 1083139798
176 58 1083139818
41 56 1083139845
96 48 1083139859
68 101 1083139880
456 194 1083139887
88 323 1083139923
321 72 1083139925
32 378 1083139926
398 378 1083139956
193 302 1083139957
220 88 1083139959
501 236 1083140008
184 101 1083140071
335 6 1083140081
204 184 1083140090
44 296 1083140095
9 316 1083140151
103 210 1083140178
277 172 1083140197
9 389 1083140206
277 263 1083140220
335 155 1083140320
103 392 1083140339
254 378 1083140377
36 6 1083140395
144 51 1083140402
398 134 1083140433
228 392 1083140542
41 168 1083140553
51 324 1083140593
9 58 1083140652
63 337 1083140659
124 396 1083140684
69 34 1083140686
323 88 1083140743
44 432 1083140759
175 48 1083140760
32 429 1083140780
32 179 1083140829
9 465 1083140865
335 98 1083140900
41 65 1083140921
289 419 1083140966
51 58 1083141016
204 51 1083141058
365 95 1083141276
400 323 1083141296
365 95 1083141392
289 392 1083141393
372 242 1083141602
429 372 1083141617
335 365 1083141620
294 51 1083141669
32 308 1083141673
187 186 1083141709
48 6 1083141716
469 463 1083141737
176 198 1083141742
84 86 1083141817
466 372 1083141822
372 482 1083141836
398 405 1083141854
365 79 1083141855
311 399 1083141858
204 221 1083141867
204 79 1083141867
409 263 1083141913
400 428 1083141919
67 396 1083141939
378 254 1083141951
176 196 1083141961
303 389 1083142028
372 212 1083142055
337 281 1083142078
176 203 1083142144
289 391 1083142162
520 32 1083142193
329 324 1083142289
103 63 1083142352
103 392 1083142388
212 376 1083142492
236 407 1083142568
309 352 1083142579
140 185 1083142586
12 288 1083142760
221 161 1083142780
300 384 1083142794
281 308 1083142865
303 212 1083142975
415 329 1083143010
389 467 1083143145
282 34 1083143150
405 263 1083143181
41 63 1083143233
302 281 1083143250
9 294 1083143321
193 302 1083143413
475 481 1083143438
9 358 1083143446
288 368 1083143511
103 85 1083143556
321 72 1083143574
263 72 1083143604
277 184 1083143617
131 393 1083143621
254 378 1083143647
32 291 1083143685
396 214 1083143729
260 51 1083143813
194 344 1083143924
211 101 1083143972
220 224 1083144020
294 368 1083144039
69 185 1083144116
289 212 1083144164
281 263 1083144298
69 450 1083144301
281 323 1083144339
176 392 1083144342
220 214 1083144400
400 392 1083144424
357 409 1083144442
307 51 1083144518
297 325 1083144550
497 405 1083144650
41 177 1083144704
69 450 1083144802
409 149 1083144830
36 113 1083144841
321 460 1083144846
492 389 1083144858
19 420 1083144869
498 97 1083144891
67 90 1083144904
424 260 1083144924
85 124 1083144940
332 263 1083144947
235 263 1083144949
286 468 1083144961
267 256 1083144967
30 31 1083144977
501 236 1083145087
313 75 1083145100
19 134 1083145118
335 19 1083145146
41 419 1083145159
105 63 1083145284
124 61 1083145400
19 52 1083145535
9 135 1083145556
475 368 1083145734
32 429 1083145881
502 309 1083145985
52 48 1083146053
105 58 1083146121
1 101 1083146144
44 19 1083146268
145 88 1083146306
41 184 1083146448
316 263 1083146562
144 370 1083146576
36 84 1083146660
51 260 1083146712
96 32 1083146755
335 60 1083146778
475 468 1083146817
342 194 1083146862
297 325 1083146863
127 63 1083146867
63 193 1083146901
63 127 1083146903
424 495 1083146969
317 308 1083147144
389 62 1083147259
308 311 1083147270
236 389 1083147291
176 284 1083147342
34 313 1083147394
9 8 1083147394
8 164 1083147464
398 368 1083147541
103 228 1083147556
274 6 1083147626
220 48 1083147664
321 368 1083147683
63 185 1083147693
75 313 1083147763
302 193 1083147779
101 190 1083147862
44 34 1083148043
321 52 1083148055
204 68 1083148067
9 40 1083148075
291 292 1083148151
32 177 1083148170
281 308 1083148197
191 236 1083148205
51 3 1083148231
27 406 1083148266
194 456 1083148319
321 411 1083148340
9 177 1083148356
204 298 1083148414
308 333 1083148554
398 365 1083148567
41 371 1083148649
359 368 1083148697
9 527 1083148838
321 392 1083148880
6 325 1083148914
53 346 1083148965
19 481 1083149047
323 98 1083149099
1 30 1083149166
291 32 1083149193
321 309 1083149202
324 51 1083149286
96 88 1083149427
425 52 1083149431
212 48 1083149543
162 161 1083149664
71 58 1083149875
63 174 1083149939
274 416 1083150105
357 396 1083150228
209 299 1083150297
103 72 1083150341
396 214 1083150411
62 502 1083150520
124 396 1083150545
194 184 1083150570
324 51 1083150611
3 132 1083150661
6 413 1083150769
19 52 1083150819
140 185 1083150875
460 372 1083150975
425 378 1083151011
204 68 1083151115
19 52 1083151122
63 174 1083151288
27 184 1083151307
36 99 1083151332
41 177 1083151398
376 6 1083151401
378 263 1083151412
194 242 1083151428
424 175 1083151479
277 362 1083151499
69 67 1083151551
175 48 1083151617
368 236 1083151668
144 48 1083151813
103 63 1083152042
289 371 1083152089
69 271 1083152177
63 155 1083152220
44 74 1083152305
176 101 1083152391
63 296 1083152429
413 6 1083152450
9 8 1083152490
41 437 1083152504
260 199 1083152718
479 481 1083152743
1 255 1083152810
311 254 1083152968
194 88 1083153200
327 97 1083153402
34 313 1083155520
263 332 1083159370
396 74 1083159981
388 212 1083161080
38 288 1083161781
103 72 1083167759
307 6 1083167893
79 63 1083170282
318 34 1083172175
191 175 1083172926
194 62 1083172988
41 396 1083173033
323 281 1083173335
103 215 1083173405
19 365 1083173714
41 437 1083174053
51 324 1083174345
172 460 1083174402
9 76 1083174521
164 179 1083174545
12 101 1083175465
204 51 1083175978
435 281 1083176496
44 79 1083177133
41 381 1083179751
335 6 1083179870
164 8 1083179953
194 184 1083180305
211 221 1083180419
372 389 1083180464
349 297 1083180544
335 72 1083180598
51 466 1083180920
274 481 1083180993
372 392 1083181040
56 57 1083181066
96 6 1083181083
63 199 1083181117
277 191 1083181258
134 398 1083181338
74 378 1083181776
175 191 1083182175
44 308 1083182225
36 236 1083183305
9 120 1083184016
34 88 1083184122
8 84 1083184217
41 177 1083184299
321 502 1083184313
9 411 1083184364
181 260 1083184382
41 81 1083184456
272 260 1083184703
431 372 1083185425
41 396 1083185550
60 308 1083185555
68 56 1083186009
372 482 1083186180
317 308 1083186192
128 324 1083186521
9 177 1083186948
44 432 1083187220
239 236 1083187700
161 63 1083188010
396 191 1083188047
41 280 1083188074
301 63 1083188134
236 368 1083188282
48 6 1083188295
302 254 1083188823
144 48 1083189907
36 110 1083190175
259 260 1083190231
194 88 1083190253
9 299 1083190310
189 144 1083190376
6 413 1083190416
103 260 1083190453
212 303 1083190514
41 177 1083190598
9 144 1083190894
316 355 1083191069
309 502 1083191088
396 254 1083191103
36 254 1083191258
34 109 1083191372
9 311 1083191460
372 376 1083191490
297 325 1083191605
319 338 1083192012
387 386 1083192164
350 365 1083192242
131 30 1083192529
254 8 1083192671
372 461 1083193464
36 84 1083193520
103 63 1083193545
9 136 1083194130
314 281 1083194180
323 88 1083194576
176 233 1083194665
103 66 1083194742
48 52 1083194781
441 442 1083194882
372 368 1083194947
212 6 1083195002
413 212 1083195085
368 483 1083195163
220 95 1083195231
103 365 1083195250
103 464 1083195281
60 308 1083195369
9 311 1083195482
392 228 1083195490
409 349 1083195583
344 403 1083195607
474 359 1083195745
74 437 1083195881
321 481 1083195924
368 288 1083195939
220 48 1083195978
176 192 1083195994
124 135 1083196240
286 367 1083196317
228 392 1083196453
73 74 1083196509
254 308 1083196704
395 8 1083196812
189 302 1083196814
176 392 1083196964
69 418 1083197060
29 25 1083197082
194 209 1083197140
305 306 1083197188
321 405 1083197259
323 281 1083197401
36 147 1083197519
67 172 1083197529
321 502 1083197620
469 463 1083197634
317 263 1083197639
277 308 1083197654
337 260 1083197711
358 88 1083197758
38 288 1083197789
79 58 1083197816
204 48 1083197850
41 177 1083197852
191 237 1083197896
228 211 1083198015
400 52 1083198016
212 51 1083198079
32 130 1083198125
357 396 1083198141
177 32 1083198225
36 134 1083198244
32 237 1083198373
41 167 1083198385
335 368 1083198432
204 81 1083198442
41 177 1083198504
333 319 1083198681
220 373 1083198727
323 340 1083198773
211 288 1083198784
297 325 1083198794
176 316 1083198814
317 254 1083198851
101 115 1083198894
155 63 1083198967
53 305 1083199026
63 202 1083199060
439 440 1083199072
212 211 1083199076
484 372 1083199086
379 74 1083199144
9 405 1083199199
335 72 1083199210
502 392 1083199222
281 308 1083199308
32 8 1083199315
193 190 1083199323
99 144 1083199370
44 432 1083199381
332 281 1083199473
60 308 1083199485
321 368 1083199644
119 120 1083199748
215 67 1083199905
103 392 1083200013
6 378 1083200184
398 8 1083200329
12 175 1083200395
19 58 1083200412
405 263 1083200669
335 34 1083200817
128 51 1083200832
176 221 1083200861
204 51 1083200874
44 99 1083200895
144 338 1083201059
398 463 1083201297
199 58 1083201592
260 283 1083201641
63 74 1083201663
103 392 1083201731
38 61 1083201937
422 212 1083201953
30 392 1083201975
44 74 1083202107
212 48 1083202181
316 355 1083202315
400 188 1083202606
12 360 1083202747
359 460 1083202937
185 32 1083202966
71 72 1083202985
398 405 1083203084
62 266 1083203190
144 99 1083203199
51 101 1083203203
97 327 1083203297
316 281 1083203320
368 340 1083203733
228 378 1083203818
172 488 1083204152
281 308 1083204272
323 281 1083204525
185 109 1083204570
36 109 1083204591
36 254 1083204717
220 95 1083205140
9 8 1083205315
175 32 1083205607
97 191 1083205734
41 177 1083205749
51 288 1083206032
36 285 1083206084
41 215 1083206226
32 185 1083206638
345 56 1083206807
263 409 1083206863
263 316 1083206957
3 51 1083206976
337 281 1083206983
441 442 1083207011
48 52 1083207048
62 347 1083207078
69 254 1083207235
97 98 1083207320
281 302 1083207457
477 526 1083207501
311 365 1083207734
281 302 1083207761
294 51 1083208051
355 316 1083208124
297 263 1083208426
220 95 1083208549
317 254 1083208682
521 305 1083209008
303 212 1083209121
236 191 1083209298
105 63 1083209348
9 8 1083209365
400 429 1083209389
388 212 1083209396
220 214 1083209459
402 281 1083209613
137 138 1083209696
96 6 1083209949
365 209 1083209974
212 48 1083210040
67 32 1083210223
335 6 1083210712
263 405 1083211062
103 233 1083211091
191 396 1083211125
62 481 1083211146
12 90 1083211462
323 191 1083211519
38 288 1083211543
335 6 1083211552
212 66 1083211589
6 299 1083211594
321 500 1083211642
297 234 1083211667
302 193 1083211676
386 387 1083211681
9 466 1083211689
9 212 1083211753
144 121 1083211762
96 32 1083211820
96 95 1083211861
469 463 1083211874
441 442 1083211927
44 90 1083212059
409 302 1083212068
337 72 1083212147
180 181 1083212199
34 313 1083212227
72 372 1083212522
96 48 1083212657
212 394 1083212843
517 368 1083212880
34 324 1083213010
38 101 1083213046
263 297 1083213088
319 333 1083213365
314 228 1083213426
398 405 1083213475
378 74 1083213503
144 105 1083213517
8 23 1083213844
333 329 1083213846
9 32 1083213963
281 323 1083214153
277 417 1083214172
41 180 1083214215
393 191 1083214294
87 58 1083214344
36 104 1083214401
63 174 1083214559
36 413 1083214560
88 3 1083214602
63 95 1083214605
335 368 1083214688
254 378 1083214718
12 175 1083214769
400 445 1083214804
12 175 1083214842
41 407 1083214871
12 288 1083214873
294 368 1083214893
44 90 1083214923
333 319 1083214944
95 365 1083214986
19 302 1083215064
103 417 1083215136
260 236 1083215191
95 365 1083215223
36 155 1083215388
19 302 1083215393
323 413 1083215425
260 79 1083215449
176 72 1083215561
321 365 1083215575
337 281 1083215706
163 72 1083215792
398 209 1083215832
263 316 1083215863
44 48 1083216093
63 105 1083216169
19 443 1083216191
12 402 1083216267
32 88 1083216517
311 254 1083216541
32 177 1083216615
79 365 1083216703
41 11 1083216715
103 392 1083216975
211 260 1083217055
44 214 1083217059
220 48 1083217388
48 52 1083217442
67 59 1083217598
8 164 1083217655
274 48 1083217719
212 263 1083217766
51 324 1083217783
95 365 1083217837
41 407 1083217877
324 51 1083217905
323 395 1083217940
321 392 1083217978
32 429 1083217986
32 177 1083217998
19 233 1083218018
103 158 1083218105
321 480 1083218187
176 267 1083218208
6 413 1083218229
400 314 1083218239
48 81 1083218251
38 365 1083218255
335 72 1083218322
69 34 1083218393
103 392 1083218419
191 347 1083218471
6 252 1083218490
391 349 1083218587
114 124 1083218712
41 32 1083218732
368 359 1083218884
128 62 1083219067
27 414 1083219088
32 58 1083219132
398 74 1083219173
310 405 1083219431
9 8 1083219739
321 212 1083219783
423 392 1083219974
103 378 1083220154
308 263 1083220166
398 405 1083220177
212 51 1083220344
175 214 1083220406
323 281 1083220639
368 194 1083220671
41 168 1083220837
212 51 1083220890
48 97 1083221349
289 359 1083221365
88 323 1083221685
161 63 1083221936
260 127 1083222059
63 193 1083222067
176 63 1083222126
27 184 1083222313
9 97 1083222336
19 512 1083222424
187 186 1083222429
234 391 1083222471
194 211 1083222543
400 445 1083222547
19 409 1083222577
194 499 1083222617
12 101 1083222651
32 175 1083222672
128 236 1083222677
36 211 1083222749
96 95 1083222817
357 409 1083222824
201 52 1083222839
392 466 1083222841
103 58 1083222892
400 444 1083222937
355 316 1083222990
368 359 1083223010
323 281 1083223044
101 100 1083223049
140 278 1083223195
227 144 1083223298
297 349 1083223333
34 365 1083223357
9 175 1083223406
30 392 1083223474
308 281 1083223534
297 263 1083223584
38 478 1083223586
431 372 1083223638
214 396 1083223739
176 61 1083223832
94 84 1083223844
378 325 1083223894
228 392 1083224009
78 326 1083224016
281 323 1083224077
335 174 1083224185
70 482 1083224233
103 168 1083224246
103 134 1083224261
378 32 1083224328
19 409 1083224349
389 236 1083224372
324 51 1083224433
281 323 1083224483
321 154 1083224518
176 396 1083224586
176 63 1083224606
27 221 1083224673
32 378 1083224686
176 319 1083224695
204 48 1083224721
254 311 1083224744
398 463 1083224778
321 144 1083224793
6 413 1083224888
497 405 1083224967
124 323 1083225060
128 51 1083225112
344 194 1083225158
398 6 1083225437
329 324 1083225447
211 228 1083225461
204 51 1083225500
211 194 1083225523
389 62 1083225534
41 177 1083225668
214 215 1083225699
311 365 1083225713
493 128 1083225750
191 405 1083225796
36 147 1083225813
41 437 1083225819
353 254 1083225826
9 175 1083225849
405 497 1083225882
373 308 1083225937
176 101 1083225965
313 75 1083226006
103 8 1083226021
9 8 1083226034
336 315 1083226043
335 373 1083226088
185 147 1083226109
212 413 1083226123
308 281 1083226128
204 51 1083226153
144 88 1083226171
36 296 1083226183
323 281 1083226252
282 67 1083226317
44 74 1083226338
220 95 1083226361
229 230 1083226398
101 184 1083226473
44 74 1083226513
323 281 1083226522
303 212 1083226566
242 429 1083226573
144 193 1083226600
9 8 1083226728
44 48 1083226757
194 62 1083226772
6 122 1083226791
350 436 1083226840
289 392 1083226900
212 34 1083226933
321 502 1083226961
63 174 1083227096
88 358 1083227182
124 109 1083227216
260 51 1083227291
390 316 1083227343
281 308 1083227344
239 349 1083227387
103 134 1083227390
172 344 1083227395
20 21 1083227402
36 109 1083227468
423 97 1083227549
263 311 1083227747
300 52 1083227754
48 175 1083227755
103 66 1083227780
409 50 1083227796
9 389 1083227829
144 193 1083227852
372 389 1083227871
494 63 1083227879
398 471 1083227914
204 48 1083227927
236 191 1083227932
318 34 1083227956
38 288 1083227970
131 297 1083227981
120 222 1083227995
51 120 1083228130
97 338 1083228229
176 299 1083228241
460 359 1083228323
32 58 1083228343
124 396 1083228344
53 291 1083228374
325 378 1083228381
310 405 1083228508
103 175 1083228548
12 168 1083228595
391 349 1083228615
6 221 1083228627
355 316 1083228633
41 56 1083228674
324 51 1083228706
204 184 1083228717
204 129 1083228764
204 48 1083228771
319 349 1083228825
9 251 1083228826
97 191 1083228827
12 175 1083228861
103 56 1083228935
209 365 1083228946
95 52 1083228985
321 344 1083229006
236 191 1083229045
60 296 1083229086
41 325 1083229108
209 32 1083229110
176 217 1083229120
395 8 1083229121
131 393 1083229130
303 298 1083229147
263 344 1083229153
323 281 1083229162
101 208 1083229207
405 497 1083229222
41 63 1083229230
314 95 1083229246
51 419 1083229260
9 109 1083229270
307 6 1083229274
103 72 1083229327
302 193 1083229374
281 323 1083229450
321 376 1083229561
9 109 1083229563
220 48 1083229671
51 530 1083229682
189 302 1083229698
474 359 1083229743
145 88 1083229774
36 254 1083229785
465 456 1083229823
9 528 1083229875
297 349 1083229880
286 416 1083229906
263 316 1083229918
323 281 1083229949
3 58 1083230044
281 302 1083230107
303 194 1083230179
48 6 1083230195
36 236 1083230200
32 144 1083230229
431 32 1083230234
281 402 1083230262
212 34 1083230267
176 180 1083230307
9 175 1083230378
32 58 1083230422
204 298 1083230459
211 228 1083230466
303 6 1083230473
400 454 1083230516
44 79 1083230544
323 281 1083230557
357 120 1083230602
267 260 1083230662
260 338 1083230692
176 463 1083230754
51 294 1083230757
9 135 1083230764
1 211 1083230787
41 168 1083230814
212 372 1083230816
324 329 1083230861
209 437 1083230865
48 311 1083230895
176 300 1083230901
368 288 1083230929
220 95 1083230938
205 304 1083230975
303 212 1083231019
1 123 1083231024
263 297 1083231090
212 34 1083231106
63 92 1083231114
319 325 1083231139
103 314 1083231151
103 135 1083231176
194 456 1083231304
332 281 1083231316
19 409 1083231317
483 368 1083231344
131 30 1083231358
67 32 1083231362
9 405 1083231431
422 194 1083231449
103 371 1083231455
378 254 1083231550
297 372 1083231557
321 392 1083231587
297 263 1083231590
9 288 1083231656
400 323 1083231674
294 339 1083231682
185 186 1083231691
171 56 1083231710
44 34 1083231816
378 32 1083231837
324 51 1083231891
103 109 1083231903
508 372 1083231912
144 99 1083231930
263 297 1083231962
88 323 1083231982
74 378 1083232030
220 48 1083232037
176 216 1083232143
144 290 1083232248
357 168 1083232260
212 376 1083232403
9 8 1083232426
32 177 1083232434
396 407 1083232452
314 34 1083232469
413 6 1083232478
19 215 1083232586
36 84 1083232633
409 260 1083232641
32 63 1083232643
145 48 1083232697
321 288 1083232713
204 48 1083232727
103 58 1083232774
212 413 1083232817
335 60 1083232817
32 378 1083232820
44 79 1083232875
44 90 1083232880
389 236 1083232885
124 323 1083232915
425 396 1083232931
447 456 1083232951
51 86 1083232978
62 50 1083232997
400 365 1083233001
372 429 1083233052
460 372 1083233104
372 482 1083233106
204 48 1083233107
376 6 1083233118
344 403 1083233152
484 372 1083233192
88 323 1083233265
355 316 1083233343
355 316 1083233344
335 373 1083233393
144 48 1083233405
376 377 1083233405
101 190 1083233422
176 463 1083233493
9 288 1083233517
221 161 1083233519
323 281 1083233580
9 8 1083233637
73 74 1083233695
263 460 1083233715
175 48 1083233783
212 263 1083233829
392 502 1083233829
103 324 1083233878
263 315 1083233940
281 263 1083233951
317 308 1083233964
184 101 1083233986
424 405 1083233989
137 138 1083234049
38 405 1083234080
9 61 1083234110
323 34 1083234196
332 308 1083234230
263 316 1083234249
355 316 1083234303
263 308 1083234351
308 373 1083234367
277 252 1083234430
254 8 1083234431
97 48 1083234432
321 460 1083234479
12 32 1083234527
9 288 1083234563
260 51 1083234611
335 98 1083234656
335 368 1083234664
235 191 1083234686
194 209 1083234736
20 275 1083234758
212 51 1083234914
181 180 1083234961
263 297 1083235012
41 308 1083235033
103 464 1083235156
483 368 1083235159
9 299 1083235186
316 355 1083235335
400 392 1083235358
372 429 1083235473
365 311 1083235486
191 405 1083235487
176 226 1083235528
212 372 1083235563
9 61 1083235590
212 209 1083235626
209 199 1083235690
460 172 1083235699
48 314 1083235712
103 324 1083235797
48 81 1083235858
263 405 1083235881
32 164 1083235911
9 235 1083235927
44 129 1083236001
263 311 1083236005
36 361 1083236019
103 63 1083236041
204 51 1083236061
176 149 1083236089
103 135 1083236193
36 291 1083236229
306 305 1083236267
199 209 1083236330
372 407 1083236452
400 365 1083236576
317 254 1083236583
189 349 1083236626
214 396 1083236638
140 124 1083236722
9 262 1083236856
463 469 1083236965
368 340 1083237017
281 308 1083237065
3 84 1083237108
396 378 1083237176
41 280 1083237179
325 344 1083237302
303 212 1083237307
302 254 1083237327
27 414 1083237353
277 50 1083237361
9 308 1083237370
44 242 1083237424
321 191 1083237456
103 72 1083237472
51 215 1083237491
318 34 1083237525
508 405 1083237556
350 6 1083237566
3 84 1083237594
254 378 1083237719
297 234 1083237794
335 368 1083238210
409 413 1083238239
368 394 1083238386
9 135 1083238622
317 311 1083238636
254 302 1083238685
228 463 1083238697
175 191 1083238779
308 373 1083238807
313 228 1083238993
212 481 1083239194
124 396 1083239422
321 8 1083239491
321 392 1083239771
95 109 1083240046
41 185 1083240047
396 378 1083240172
323 88 1083240226
128 325 1083240338
44 60 1083241257
323 88 1083241604
72 291 1083242353
144 48 1083243666
447 325 1083245849
299 209 1083246241
329 324 1083256343
220 214 1083258752
254 8 1083259315
41 223 1083260122
38 288 1083260287
357 389 1083260296
176 63 1083260442
103 371 1083260812
211 246 1083261008
400 454 1083261574
263 308 1083262843
368 221 1083263129
321 392 1083263184
281 254 1083263287
475 368 1083263509
277 184 1083263529
193 302 1083264055
260 267 1083264059
41 168 1083264157
51 489 1083264199
212 472 1083264229
38 288 1083264232
316 263 1083264374
176 184 1083264483
447 6 1083264648
400 389 1083264726
144 238 1083264794
307 6 1083264928
263 378 1083264952
212 211 1083265011
62 136 1083265018
36 6 1083265342
398 368 1083265417
425 378 1083265441
19 302 1083265462
319 325 1083265544
38 365 1083265562
212 74 1083265644
400 52 1083265666
311 48 1083265696
103 437 1083265709
176 63 1083265785
204 51 1083265788
72 263 1083265804
332 281 1083265843
289 375 1083265935
175 32 1083265955
372 212 1083265986
378 396 1083266020
194 62 1083266201
317 281 1083266342
9 288 1083266402
69 356 1083266820
378 396 1083266892
144 48 1083266924
263 281 1083267043
41 308 1083267225
9 358 1083267231
350 365 1083267425
316 263 1083268141
307 6 1083268418
193 63 1083268576
365 399 1083268678
9 58 1083268939
9 88 1083268973
194 182 1083269981
9 175 1083270106
44 296 1083270976
204 51 1083271294
103 98 1083271359
44 116 1083271477
338 386 1083272862
19 265 1083273072
12 288 1083273354
201 410 1083273615
9 391 1083273670
72 372 1083273995
484 372 1083274023
79 365 1083274034
407 236 1083274366
3 132 1083274538
400 428 1083275223
19 109 1083276026
41 168 1083276092
431 454 1083276105
204 266 1083276120
316 308 1083276127
254 281 1083276247
72 337 1083276762
101 208 1083276810
317 254 1083276883
189 199 1083277021
103 375 1083277575
97 98 1083277603
325 6 1083277641
175 48 1083277680
8 349 1083277785
303 212 1083277821
254 396 1083277830
51 331 1083277910
400 396 1083278001
9 389 1083278108
74 73 1083278121
407 236 1083278229
405 263 1083278365
176 120 1083278424
41 251 1083278539
101 100 1083278540
228 314 1083278663
143 32 1083278872
378 6 1083279401
483 368 1083279509
145 48 1083279749
317 308 1083279789
402 281 1083280088
368 236 1083280205
189 132 1083280380
19 215 1083280400
41 168 1083280574
41 308 1083280862
176 453 1083281063
34 58 1083281321
431 371 1083281596
321 376 1083281792
114 105 1083281866
9 212 1083282259
44 308 1083282480
99 349 1083284481
393 263 1083284547
62 465 1083284623
75 313 1083284879
212 51 1083285399
9 288 1083285534
36 60 1083285834
38 464 1083285960
144 48 1083286295
249 63 1083286671
194 406 1083286676
378 396 1083286808
281 302 1083286816
6 481 1083286901
101 190 1083286970
277 417 1083287228
263 308 1083287250
212 480 1083287405
424 343 1083287781
44 299 1083287821
321 72 1083288050
36 129 1083288081
477 1 1083288140
475 496 1083288399
161 164 1083288437
32 175 1083288461
36 299 1083288584
38 86 1083288593
172 128 1083288609
212 34 1083288635
32 26 1083288783
373 311 1083288982
332 281 1083289317
103 127 1083289360
27 414 1083289361
180 177 1083289388
38 437 1083289393
44 32 1083289554
9 149 1083289697
281 308 1083289768
454 181 1083289825
353 254 1083290164
27 184 1083290174
307 67 1083290211
484 372 1083290337
332 281 1083290424
391 234 1083290620
321 368 1083290707
127 63 1083290768
103 166 1083290879
67 410 1083290915
41 15 1083290933
97 48 1083290989
36 428 1083291046
372 407 1083291153
317 308 1083291237
400 429 1083291308
303 294 1083291317
103 375 1083291491
176 86 1083291951
368 236 1083292063
323 124 1083292085
8 395 1083292146
323 340 1083292222
63 155 1083292410
335 6 1083292464
335 72 1083292473
177 32 1083292479
423 464 1083292560
263 391 1083292655
46 22 1083292740
349 8 1083292976
19 215 1083293041
209 194 1083293157
357 378 1083293194
321 172 1083293215
44 296 1083293313
378 6 1083293319
41 177 1083293327
313 75 1083293334
277 184 1083293365
481 6 1083293399
51 288 1083293460
72 71 1083293579
254 8 1083293695
263 281 1083293733
323 75 1083293851
204 51 1083293855
19 58 1083293880
277 482 1083293907
69 271 1083293908
1 30 1083293987
317 308 1083294056
175 48 1083294085
63 32 1083294124
212 376 1083294137
350 6 1083294155
9 316 1083294158
220 221 1083294176
304 228 1083294188
34 299 1083294219
41 63 1083294245
212 303 1083294290
41 383 1083294391
212 66 1083294431
41 185 1083294446
36 6 1083294488
48 175 1083294641
281 308 1083294661
103 311 1083294725
19 72 1083294761
344 263 1083294866
358 88 1083294870
435 308 1083294946
372 368 1083294976
9 311 1083294977
191 396 1083295015
289 392 1083295120
281 263 1083295131
176 463 1083295195
469 463 1083295254
88 212 1083295271
398 74 1083295290
175 48 1083295291
103 72 1083295318
272 316 1083295323
335 368 1083295337
103 316 1083295339
321 392 1083295361
9 121 1083295379
372 407 1083295558
8 254 1083295567
41 63 1083295682
357 407 1083295690
321 88 1083295732
409 263 1083295739
175 48 1083295758
494 463 1083295791
357 437 1083295815
105 33 1083295892
289 65 1083296018
105 61 1083296277
307 48 1083296296
57 56 1083296438
448 352 1083296557
176 306 1083296694
316 355 1083296804
97 349 1083296911
324 329 1083297062
422 365 1083297262
263 281 1083297415
12 288 1083297546
145 95 1083297847
9 386 1083297898
321 316 1083297932
9 16 1083297990
53 341 1083298139
393 394 1083298209
176 248 1083298291
234 391 1083298347
36 32 1083298378
323 281 1083298558
131 368 1083298874
51 52 1083298944
135 133 1083298982
95 365 1083299052
144 247 1083299196
321 490 1083299479
260 338 1083299659
317 308 1083299824
517 368 1083299898
220 95 1083299971
372 212 1083300012
400 396 1083300115
44 90 1083300189
140 201 1083300240
48 52 1083300288
102 97 1083300336
297 248 1083300341
378 396 1083300380
50 376 1083300438
67 32 1083300539
69 104 1083300603
321 392 1083300616
386 50 1083300644
398 74 1083300645
140 105 1083300769
373 308 1083300794
368 483 1083300797
321 392 1083300869
194 195 1083300902
324 51 1083300935
176 201 1083300944
212 388 1083300975
286 221 1083301076
281 308 1083301090
6 481 1083301131
308 281 1083301163
335 6 1083301192
204 339 1083301278
288 51 1083301289
263 405 1083301325
399 59 1083301329
204 205 1083301350
336 333 1083301388
294 51 1083301390
323 281 1083301408
372 376 1083301452
74 408 1083301509
431 407 1083301541
359 368 1083301618
342 8 1083301811
103 144 1083301862
19 409 1083302027
194 207 1083302080
297 325 1083302094
398 134 1083302387
19 409 1083302444
396 254 1083302546
176 63 1083302880
144 193 1083303087
103 267 1083303115
63 32 1083303192
63 184 1083303493
398 8 1083303878
300 384 1083303906
474 456 1083303935
74 73 1083303940
212 224 1083303968
63 199 1083303968
316 303 1083304156
349 319 1083304182
297 272 1083304262
407 396 1083304285
176 392 1083304390
48 175 1083304438
103 215 1083304457
372 233 1083304513
413 6 1083304600
372 392 1083304647
41 407 1083304662
393 263 1083304667
9 330 1083304671
194 312 1083304699
103 311 1083304744
72 30 1083304776
254 378 1083304793
9 288 1083304806
3 155 1083304815
303 316 1083304945
38 288 1083304971
67 32 1083305067
316 263 1083305133
12 168 1083305358
308 32 1083305492
389 303 1083305713
9 52 1083305780
359 368 1083305797
9 308 1083305835
387 386 1083305837
12 175 1083305926
48 175 1083305935
407 396 1083305961
264 158 1083305995
323 281 1083306082
375 248 1083306087
9 49 1083306434
357 409 1083306457
368 194 1083306477
3 132 1083306505
48 175 1083306644
323 372 1083306677
413 6 1083306726
9 358 1083306727
400 396 1083306764
9 308 1083306788
337 281 1083306794
9 288 1083306810
277 51 1083306877
430 164 1083306911
297 325 1083307008
36 128 1083307015
32 155 1083307041
32 177 1083307044
321 392 1083307114
263 308 1083307320
102 97 1083307498
447 372 1083307616
378 396 1083307725
184 101 1083307908
317 191 1083308148
164 430 1083308166
84 8 1083308300
254 308 1083308358
399 311 1083308512
19 120 1083308576
38 288 1083308579
323 75 1083308580
41 308 1083308615
277 79 1083308624
19 82 1083308667
50 386 1083308770
174 63 1083308809
494 429 1083308869
317 263 1083308905
193 315 1083308939
204 51 1083308943
62 375 1083309112
194 62 1083309115
32 63 1083309252
101 208 1083309284
317 308 1083309314
321 437 1083309325
317 281 1083309363
302 193 1083309393
350 376 1083309399
398 405 1083309421
44 141 1083309554
44 92 1083309568
323 413 1083309582
176 311 1083309592
48 256 1083309603
389 263 1083309630
277 68 1083309673
204 51 1083309690
204 184 1083309725
297 272 1083309763
12 402 1083309822
453 264 1083309829
41 216 1083309866
323 281 1083309930
307 281 1083309948
12 175 1083310002
407 236 1083310014
96 164 1083310096
67 32 1083310115
204 241 1083310132
368 221 1083310150
177 180 1083310305
277 263 1083310311
235 347 1083310326
194 303 1083310383
9 194 1083310483
19 18 1083310529
219 124 1083310555
41 168 1083310587
104 59 1083310597
212 51 1083310677
41 86 1083310709
396 214 1083310816
20 21 1083310870
335 6 1083310959
288 51 1083310976
221 211 1083311178
103 63 1083311184
479 278 1083311200
12 175 1083311250
236 368 1083311281
100 101 1083311302
103 265 1083311312
317 308 1083311318
323 281 1083311337
27 414 1083311345
316 263 1083311364
48 175 1083311403
220 48 1083311423
286 34 1083311452
281 254 1083311485
329 324 1083311606
429 309 1083311619
50 376 1083311647
41 392 1083311662
96 6 1083311738
41 132 1083311791
228 386 1083311793
41 192 1083311809
6 413 1083311818
466 392 1083311833
260 79 1083311923
74 379 1083311949
41 308 1083311952
62 260 1083311973
32 174 1083311994
212 75 1083312129
263 281 1083312133
9 8 1083312164
103 175 1083312240
267 51 1083312365
144 369 1083312429
127 260 1083312506
475 468 1083312526
36 222 1083312543
9 175 1083312554
263 281 1083312561
221 3 1083312570
176 61 1083312583
6 376 1083312587
101 190 1083312600
368 309 1083312628
469 463 1083312632
321 392 1083312663
211 288 1083312764
1 146 1083312772
189 8 1083312776
176 283 1083312838
75 313 1083312840
321 460 1083312846
325 128 1083312877
308 281 1083312930
41 58 1083312936
103 228 1083312978
400 472 1083312979
12 288 1083312999
9 233 1083313011
144 283 1083313081
67 396 1083313083
8 58 1083313144
155 63 1083313148
277 361 1083313184
317 254 1083313196
189 175 1083313268
220 214 1083313325
193 302 1083313329
363 364 1083313370
263 277 1083313392
323 191 1083313408
9 58 1083313410
297 263 1083313420
19 396 1083313436
355 316 1083313499
36 109 1083313502
36 189 1083313502
9 244 1083313547
191 396 1083313581
103 343 1083313586
97 102 1083313590
225 223 1083313591
44 372 1083313598
236 191 1083313612
332 281 1083313628
220 95 1083313645
321 392 1083313678
172 486 1083313711
36 221 1083313720
237 32 1083313729
103 392 1083313737
316 263 1083313760
378 396 1083313785
36 214 1083313806
368 309 1083313808
501 236 1083313836
27 414 1083313860
272 263 1083313868
191 237 1083313877
176 248 1083313911
317 308 1083313916
176 378 1083313920
323 98 1083313924
318 34 1083313937
41 63 1083313961
379 349 1083313967
121 108 1083313981
9 8 1083313988
176 396 1083313996
3 308 1083314001
36 254 1083314003
144 99 1083314004
357 65 1083314012
384 300 1083314013
9 308 1083314029
187 186 1083314030
32 177 1083314042
398 378 1083314057
9 209 1083314100
409 50 1083314105
36 222 1083314114
128 329 1083314115
236 407 1083314115
324 329 1083314151
398 368 1083314154
297 34 1083314176
41 177 1083314225
176 201 1083314229
277 376 1083314254
319 34 1083314264
378 6 1083314306
140 124 1083314311
211 228 1083314313
9 8 1083314333
145 281 1083314364
513 388 1083314390
144 99 1083314408
372 375 1083314424
41 97 1083314455
19 8 1083314502
204 294 1083314545
321 460 1083314553
214 215 1083314596
400 323 1083314626
51 294 1083314692
335 278 1083314706
321 495 1083314742
359 368 1083314781
52 328 1083314788
12 402 1083314790
286 202 1083314803
36 211 1083314852
62 266 1083314864
41 177 1083314867
302 281 1083314890
63 185 1083314895
204 51 1083314910
379 74 1083314919
323 281 1083314968
239 349 1083314977
38 409 1083315040
368 288 1083315049
6 378 1083315060
342 454 1083315068
400 61 1083315076
189 8 1083315097
193 280 1083315125
319 34 1083315134
297 372 1083315150
12 175 1083315165
263 239 1083315178
103 72 1083315196
176 392 1083315238
236 239 1083315249
294 51 1083315326
48 52 1083315520
474 74 1083315541
423 392 1083315557
323 281 1083315587
175 32 1083315692
6 413 1083315742
189 8 1083315791
190 109 1083315804
105 135 1083315817
333 308 1083315828
303 316 1083315860
263 308 1083315869
9 101 1083315908
273 522 1083315948
8 254 1083315949
338 348 1083315982
36 133 1083316013
204 271 1083316091
310 72 1083316174
6 378 1083316217
297 88 1083316241
6 221 1083316330
63 74 1083316365
32 184 1083316390
44 45 1083316416
101 190 1083316429
124 85 1083316438
51 267 1083316444
44 129 1083316476
9 316 1083316506
457 456 1083316522
474 74 1083316555
124 109 1083316624
36 88 1083316636
36 221 1083316686
372 389 1083316707
359 368 1083316711
323 34 1083316714
67 396 1083316716
378 6 1083316732
48 6 1083316750
215 62 1083316802
194 62 1083316803
105 81 1083316808
96 6 1083316841
289 8 1083316862
372 407 1083316863
321 372 1083316914
321 437 1083316917
103 324 1083316924
372 429 1083316931
12 81 1083316936
372 409 1083316980
368 359 1083316994
460 172 1083317016
212 211 1083317020
517 289 1083317022
41 463 1083317029
191 376 1083317062
27 221 1083317065
41 90 1083317087
174 63 1083317111
389 236 1083317125
51 157 1083317127
212 252 1083317129
56 90 1083317154
212 480 1083317156
409 6 1083317200
212 209 1083317240
281 323 1083317248
236 407 1083317252
62 266 1083317301
308 316 1083317358
228 315 1083317370
41 174 1083317424
357 409 1083317428
56 171 1083317449
302 254 1083317456
378 254 1083317535
316 355 1083317550
355 316 1083317569
176 248 1083317585
317 263 1083317606
236 407 1083317641
41 59 1083317646
103 311 1083317696
176 248 1083317734
19 409 1083317748
502 62 1083317749
317 315 1083317776
321 313 1083317863
423 128 1083317956
396 191 1083317996
423 8 1083318019
144 283 1083318048
335 72 1083318077
307 325 1083318166
335 34 1083318184
32 429 1083318196
124 135 1083318209
133 135 1083318226
128 236 1083318229
9 8 1083318240
187 186 1083318247
176 392 1083318306
456 501 1083318377
9 22 1083318409
321 392 1083318425
430 58 1083318493
317 308 1083318551
323 191 1083318600
27 414 1083318601
103 101 1083318668
297 62 1083318750
41 180 1083318781
332 308 1083318785
281 302 1083318800
172 460 1083318830
323 102 1083318885
393 191 1083318946
483 368 1083318947
103 117 1083319066
101 190 1083319086
103 175 1083319129
36 50 1083319168
319 338 1083319273
483 368 1083319352
176 263 1083319403
335 6 1083319430
97 349 1083319431
9 97 1083319520
321 392 1083319564
289 392 1083319638
316 355 1083319664
263 472 1083319677
314 48 1083319774
409 8 1083319837
47 78 1083319909
357 128 1083320000
6 413 1083320013
103 405 1083320043
323 88 1083320047
144 288 1083320169
68 101 1083320170
439 440 1083320191
372 461 1083320217
212 303 1083320298
289 392 1083320315
378 254 1083320328
12 175 1083320411
44 299 1083320444
140 470 1083320493
323 458 1083320594
220 308 1083320640
36 37 1083320729
317 308 1083320758
396 407 1083320807
501 236 1083320832
372 97 1083320838
472 263 1083320843
321 359 1083320847
144 32 1083320854
289 391 1083320892
48 175 1083320896
309 502 1083320914
335 263 1083320941
91 47 1083320958
96 74 1083320966
398 72 1083321000
30 31 1083321034
294 51 1083321071
357 409 1083321084
19 52 1083321107
368 483 1083321108
103 63 1083321208
44 372 1083321308
263 281 1083321318
388 306 1083321319
481 6 1083321335
263 297 1083321354
321 437 1083321361
502 392 1083321375
30 31 1083321389
63 127 1083321414
277 172 1083321424
176 311 1083321502
32 291 1083321549
350 299 1083321551
88 101 1083321570
303 212 1083321618
321 348 1083321630
9 288 1083321647
357 409 1083321664
204 327 1083321667
228 61 1083321677
44 88 1083321682
41 97 1083321686
103 166 1083321711
294 51 1083321778
317 191 1083321822
143 32 1083321836
38 58 1083321865
161 221 1083321901
204 288 1083321938
41 407 1083321941
324 51 1083321987
386 387 1083322000
38 288 1083322006
176 223 1083322031
398 378 1083322034
9 32 1083322088
34 313 1083322153
302 193 1083322167
323 281 1083322178
6 325 1083322219
9 288 1083322282
175 48 1083322381
44 308 1083322392
124 85 1083322506
392 30 1083322650
220 254 1083322745
297 191 1083322840
175 191 1083322845
72 337 1083322884
501 236 1083322898
309 175 1083323008
53 305 1083323039
193 144 1083323116
36 60 1083323168
211 128 1083323222
12 402 1083323241
228 392 1083323301
62 236 1083323308
220 95 1083323367
355 316 1083323406
447 34 1083323418
474 32 1083323429
44 141 1083323442
405 191 1083323486
447 6 1083323488
176 101 1083323501
36 133 1083323507
294 51 1083323519
50 288 1083323519
32 77 1083323554
220 48 1083323590
321 309 1083323602
88 358 1083323702
281 323 1083323712
254 378 1083323716
181 294 1083323779
145 263 1083323785
460 359 1083323817
294 51 1083323831
400 392 1083323848
321 52 1083323927
335 356 1083324003
372 376 1083324033
335 368 1083324034
321 392 1083324048
214 396 1083324094
176 270 1083324156
67 132 1083324174
277 362 1083324233
101 32 1083324234
9 299 1083324264
357 409 1083324282
274 48 1083324298
501 236 1083324319
51 324 1083324379
321 212 1083324380
260 51 1083324394
174 63 1083324413
83 368 1083324443
105 129 1083324474
249 8 1083324489
32 175 1083324513
314 254 1083324527
323 281 1083324546
103 109 1083324587
166 234 1083324605
335 115 1083324634
321 392 1083324651
392 228 1083324661
359 368 1083324691
62 481 1083324730
135 124 1083324731
316 263 1083324795
249 8 1083324796
41 177 1083324803
36 60 1083324846
334 128 1083324849
8 7 1083324869
60 194 1083324873
267 51 1083324969
41 463 1083324988
321 278 1083325025
274 462 1083325027
41 76 1083325041
38 288 1083325072
431 407 1083325116
48 175 1083325151
372 371 1083325166
95 168 1083325194
9 466 1083325241
9 316 1083325245
316 263 1083325251
297 325 1083325292
296 63 1083325323
263 311 1083325331
398 335 1083325332
96 124 1083325359
319 34 1083325405
409 50 1083325426
308 281 1083325439
391 289 1083325441
372 407 1083325464
472 263 1083325478
308 281 1083325489
12 288 1083325495
41 61 1083325517
67 32 1083325518
9 405 1083325547
247 248 1083325557
44 74 1083325585
378 6 1083325596
321 392 1083325658
48 6 1083325662
103 97 1083325710
48 175 1083325775
228 314 1083325935
474 74 1083326040
378 6 1083326439
249 8 1083326466
9 152 1083326558
12 175 1083326757
103 52 1083326906
289 86 1083327170
376 50 1083327231
9 316 1083327755
456 457 1083328184
272 316 1083328922
289 391 1083329343
249 63 1083329363
103 175 1083329391
56 61 1083329403
393 191 1083329436
19 365 1083329623
189 349 1083333640
194 199 1083337683
295 296 1083342467
204 68 1083344234
72 291 1083344445
175 48 1083345312
314 228 1083345755
193 190 1083345802
63 127 1083346279
323 281 1083347033
68 437 1083347079
393 191 1083347095
101 190 1083347118
176 392 1083347161
103 318 1083347189
6 378 1083347328
413 6 1083347471
291 32 1083348547
297 349 1083348827
321 454 1083349446
355 102 1083349471
400 32 1083349493
332 281 1083349494
9 260 1083349516
145 48 1083349545
277 6 1083349593
281 323 1083349621
308 281 1083349636
378 254 1083349660
228 97 1083349691
220 48 1083349954
176 396 1083349979
3 32 1083350157
263 297 1083350205
204 284 1083350271
12 101 1083350293
485 175 1083350326
144 48 1083350462
3 51 1083350477
176 283 1083350606
48 314 1083350618
204 276 1083350747
321 325 1083350766
297 263 1083350807
111 112 1083351004
44 59 1083351078
263 316 1083351372
41 63 1083351830
323 367 1083352164
378 396 1083352438
20 275 1083352444
144 99 1083352478
308 316 1083352647
131 191 1083352800
9 175 1083352801
9 64 1083352807
103 109 1083352945
376 377 1083353286
212 34 1083353384
254 281 1083353593
67 32 1083353747
392 466 1083353804
9 8 1083354018
274 481 1083354339
44 34 1083354503
313 34 1083354806
335 6 1083354838
44 372 1083354987
9 318 1083355057
41 157 1083355214
368 359 1083355309
106 72 1083355579
233 88 1083355681
379 289 1083355729
36 222 1083355827
221 211 1083356085
378 325 1083356181
303 298 1083356219
359 368 1083356345
276 8 1083356462
212 51 1083356545
228 304 1083356634
74 419 1083356924
211 232 1083357006
38 405 1083357053
389 62 1083357160
321 487 1083358463
191 121 1083358713
96 95 1083358855
355 316 1083358864
338 260 1083358885
204 298 1083358947
277 34 1083359029
44 34 1083359133
399 365 1083359145
321 396 1083359189
321 460 1083359230
376 50 1083359274
294 288 1083359292
180 177 1083359301
9 8 1083359352
63 127 1083359421
289 212 1083359473
281 323 1083359521
323 102 1083359533
74 73 1083359571
336 333 1083359592
317 254 1083359610
321 175 1083359620
396 124 1083359662
101 190 1083359796
314 308 1083359871
212 413 1083360329
193 302 1083360333
221 6 1083360347
317 263 1083360559
454 510 1083360608
9 8 1083361240
311 48 1083361503
294 51 1083361663
19 109 1083361686
424 175 1083361762
321 460 1083362027
103 175 1083362077
220 48 1083362141
222 120 1083362319
191 175 1083362438
456 527 1083362610
307 254 1083362722
228 314 1083362860
41 300 1083362953
323 281 1083362973
30 392 1083363028
34 318 1083363126
176 392 1083363294
19 409 1083363295
41 32 1083363410
379 289 1083363467
9 366 1083363467
379 74 1083363513
164 178 1083363532
95 81 1083363572
97 349 1083363628
99 349 1083363691
309 502 1083363692
36 60 1083363693
9 22 1083363780
52 95 1083363985
9 8 1083364142
74 396 1083364175
413 212 1083364215
432 379 1083364245
41 63 1083364769
19 109 1083365281
212 34 1083365356
53 34 1083365387
36 221 1083365435
307 6 1083365527
19 331 1083365539
281 263 1083365562
220 95 1083365601
36 156 1083365636
62 454 1083365702
256 259 1083365789
484 372 1083365808
74 63 1083365820
334 62 1083365831
321 343 1083365860
294 51 1083365928
321 344 1083365941
317 319 1083365954
297 325 1083365962
103 173 1083365967
36 60 1083365974
9 76 1083366022
465 398 1083366146
204 123 1083366154
12 175 1083366176
26 7 1083366212
48 175 1083366252
176 166 1083366267
9 472 1083366338
204 51 1083366409
63 199 1083366417
41 63 1083366464
405 263 1083366482
321 120 1083366488
297 88 1083366569
316 308 1083366655
373 308 1083366699
395 8 1083366835
5 2 1083366869
41 32 1083366883
204 48 1083366912
327 144 1083366953
337 281 1083366972
41 180 1083367234
317 263 1083367358
303 212 1083367560
323 124 1083367654
405 263 1083367695
321 263 1083367719
323 281 1083367816
317 308 1083367829
323 281 1083367866
481 6 1083367874
220 214 1083368202
69 356 1083368209
120 119 1083368353
101 190 1083368629
9 212 1083368664
228 311 1083368707
204 298 1083368742
48 175 1083368757
124 135 1083368985
400 157 1083369119
263 389 1083369266
321 376 1083369283
140 124 1083369720
19 409 1083369736
396 378 1083369796
9 8 1083369836
340 368 1083369913
95 168 1083369943
204 51 1083370207
372 72 1083370347
378 6 1083370813
41 177 1083370916
212 416 1083371092
323 281 1083371200
277 191 1083371209
9 86 1083371301
277 191 1083371496
140 185 1083371920
321 392 1083372099
9 465 1083372535
429 32 1083372650
424 236 1083373569
335 88 1083373718
289 392 1083373723
44 116 1083373791
62 454 1083373870
44 129 1083374156
212 376 1083374740
321 392 1083374861
332 281 1083375076
103 360 1083375114
181 454 1083375115
204 68 1083375292
212 34 1083375357
324 51 1083375527
198 256 1083375812
323 281 1083375868
19 85 1083375874
19 396 1083376059
155 32 1083376120
398 378 1083376202
194 62 1083376234
317 254 1083376431
19 82 1083376511
124 396 1083376535
332 281 1083376596
9 288 1083376691
317 309 1083376810
281 308 1083376820
36 133 1083377066
400 144 1083377106
19 215 1083377310
389 236 1083377313
176 463 1083377948
36 222 1083378007
36 128 1083379055
378 425 1083379649
323 281 1083380009
357 8 1083380818
176 396 1083381158
32 378 1083381354
263 191 1083381542
41 392 1083381556
398 405 1083381570
396 191 1083381925
314 51 1083381932
103 52 1083382071
212 252 1083382740
316 355 1083382828
254 302 1083382892
308 60 1083383179
44 79 1083383211
214 109 1083384365
337 281 1083384499
