144 303 1082040961
356 145 1082155839
209 3 1082414391
392 48 1082439619
144 500 1082439756
290 128 1082440403
454 9 1082440453
8 350 1082441188
263 34 1082441754
9 329 1082441824
168 409 1082441895
263 48 1082442153
454 378 1082442328
199 409 1082442560
90 409 1082443023
51 391 1082444944
67 175 1082450074
194 281 1082450243
19 323 1082450645
12 246 1082450656
36 48 1082467089
19 316 1082481125
6 215 1082490240
133 281 1082504083
168 184 1082517506
376 316 1082517511
281 441 1082517513
363 277 1082517516
263 491 1082518023
168 308 1082525530
281 43 1082525718
95 355 1082530949
254 311 1082538849
368 215 1082539557
302 321 1082540305
378 63 1082540354
484 175 1082540462
9 296 1082540496
359 236 1082541442
407 332 1082574211
228 376 1082576344
323 349 1082583700
212 32 1082585468
191 260 1082587705
177 36 1082588222
254 41 1082588508
177 41 1082589483
409 38 1082596555
204 272 1082597715
51 391 1082597751
176 298 1082598056
314 41 1082598122
214 248 1082598395
9 44 1082598545
83 161 1082598548
124 56 1082598685
450 313 1082598765
135 106 1082598920
32 69 1082598934
48 277 1082599072
413 97 1082599376
392 19 1082599717
8 263 1082600068
9 180 1082600409
79 396 1082600787
429 157 1082601455
402 347 1082601872
176 8 1082601913
323 194 1082602619
51 98 1082602668
168 316 1082602682
303 316 1082602700
502 27 1082602761
288 191 1082602778
297 88 1082602807
319 102 1082602838
294 256 1082603068
97 454 1082603124
396 6 1082603179
316 368 1082603219
316 323 1082603266
32 9 1082603268
474 36 1082603514
332 9 1082603571
74 389 1082603649
302 425 1082603681
321 463 1082603850
72 333 1082603868
376 212 1082603999
396 236 1082604018
307 308 1082604079
111 48 1082604696
288 281 1082605390
254 6 1082607167
34 263 1082607289
36 103 1082608354
268 416 1082608405
316 120 1082608481
3 63 1082608509
372 396 1082609249
392 396 1082609649
69 212 1082609719
324 103 1082609913
128 482 1082609972
79 317 1082610114
193 323 1082610117
102 272 1082610241
184 251 1082610294
429 144 1082610332
405 101 1082610339
297 335 1082611326
413 460 1082612106
103 288 1082612122
172 395 1082612494
6 175 1082612535
51 191 1082612618
6 501 1082612664
378 50 1082612672
209 378 1082612947
340 157 1082613371
5 302 1082613444
41 128 1082613466
212 372 1082613910
7 72 1082614030
124 396 1082614035
357 392 1082614037
124 316 1082614388
131 194 1082614460
123 360 1082614477
405 209 1082614831
461 63 1082616043
392 263 1082616085
209 368 1082616093
316 59 1082616359
41 259 1082616735
405 176 1082617102
8 69 1082617666
429 472 1082618206
101 277 1082618294
103 204 1082619042
432 355 1082619196
372 41 1082619271
321 74 1082619833
48 168 1082620003
219 176 1082620032
154 194 1082620231
281 263 1082620509
19 344 1082620689
236 204 1082620950
481 85 1082621383
396 30 1082621402
8 104 1082621459
308 32 1082621518
241 67 1082621575
48 41 1082621760
403 19 1082621825
400 72 1082621841
302 308 1082621981
81 263 1082622201
67 48 1082622692
36 344 1082622812
184 323 1082622904
191 9 1082623270
489 199 1082623289
407 9 1082623664
254 37 1082623764
233 413 1082623795
184 168 1082624060
296 9 1082624449
481 103 1082624696
48 9 1082625217
191 248 1082626287
19 260 1082627222
121 321 1082627395
72 317 1082628373
124 299 1082629290
236 6 1082629573
63 323 1082630222
145 162 1082630376
41 81 1082630411
41 114 1082630520
41 48 1082630832
396 53 1082630846
3 63 1082630976
95 157 1082631193
44 356 1082631289
204 494 1082631600
517 445 1082631611
378 311 1082631973
103 102 1082632034
41 393 1082632063
62 32 1082635084
36 368 1082635445
335 332 1082637588
103 34 1082637597
95 263 1082640108
41 345 1082653516
321 376 1082653683
51 176 1082653966
127 204 1082654051
311 483 1082654503
372 87 1082654817
9 308 1082655250
6 191 1082656071
63 67 1082659317
48 34 1082659895
103 413 1082660179
429 355 1082660743
260 48 1082660940
206 101 1082661553
63 97 1082662461
19 9 1082662716
103 324 1082662740
400 9 1082663507
349 175 1082663676
132 103 1082663773
41 413 1082664575
51 193 1082664609
260 103 1082664651
75 281 1082665970
192 365 1082666210
392 41 1082666706
409 368 1082667280
368 63 1082667312
234 308 1082667839
297 308 1082668259
175 57 1082669430
372 375 1082670352
168 460 1082670688
389 30 1082670704
72 6 1082670775
88 52 1082670850
99 34 1082670949
355 407 1082670972
188 355 1082671048
445 177 1082671401
177 32 1082671996
334 357 1082672486
101 120 1082672710
180 96 1082673531
431 52 1082673946
51 254 1082675428
469 474 1082676222
48 79 1082677446
205 204 1082677532
168 79 1082678664
523 9 1082680218
9 311 1082680860
365 254 1082680998
120 318 1082681628
212 105 1082681679
328 212 1082681912
381 38 1082682026
48 359 1082682189
333 72 1082682332
34 501 1082682731
1 99 1082683846
194 124 1082683974
235 308 1082684146
396 308 1082684222
97 199 1082684424
311 131 1082684927
95 48 1082685268
34 308 1082685511
62 350 1082685625
224 144 1082685691
360 8 1082685725
372 101 1082685768
184 44 1082686656
34 307 1082686913
3 105 1082687241
214 338 1082688025
299 193 1082688404
124 32 1082688765
371 321 1082689042
323 83 1082689139
175 296 1082689523
38 460 1082691496
468 204 1082692186
378 220 1082692204
357 372 1082692215
51 277 1082692234
389 281 1082692567
316 104 1082692612
19 6 1082692654
8 316 1082692856
314 400 1082692929
368 32 1082693082
95 138 1082693359
88 58 1082693580
378 188 1082693664
316 128 1082693705
263 8 1082693715
376 272 1082693727
474 372 1082693950
368 235 1082693958
36 281 1082694026
409 109 1082694074
396 63 1082694080
204 355 1082694144
263 271 1082694158
6 62 1082694612
313 41 1082695409
475 56 1082697472
236 204 1082698466
109 314 1082699464
144 288 1082700012
44 379 1082701057
296 437 1082701256
469 34 1082701459
177 317 1082701470
52 349 1082701484
27 177 1082701493
317 103 1082701903
308 31 1082702454
97 372 1082702546
85 99 1082702617
211 432 1082702670
249 209 1082702679
212 297 1082702885
311 32 1082702909
32 140 1082703058
88 44 1082703229
296 254 1082703442
498 9 1082703489
19 476 1082703540
260 308 1082703577
364 221 1082704067
429 120 1082704560
194 44 1082704766
392 325 1082705521
212 32 1082705563
248 220 1082705658
79 176 1082705768
447 502 1082705775
302 62 1082706733
41 12 1082706737
438 44 1082706844
191 271 1082706986
288 325 1082707082
103 399 1082707557
144 8 1082707684
212 176 1082709847
407 236 1082710212
495 321 1082710304
176 144 1082710599
6 44 1082710723
271 523 1082710926
32 405 1082710984
103 311 1082711051
288 63 1082711115
299 101 1082711129
260 212 1082711132
263 62 1082711211
316 38 1082711395
161 204 1082711713
27 172 1082712614
260 288 1082712846
15 254 1082712981
211 392 1082713007
355 447 1082713242
308 429 1082713344
127 175 1082713430
340 302 1082713619
24 103 1082713772
32 288 1082714081
9 465 1082714222
277 228 1082714356
9 317 1082714460
54 63 1082715683
68 1 1082715865
297 387 1082716576
101 281 1082716714
12 283 1082716717
212 220 1082716899
128 254 1082716941
368 41 1082716951
321 32 1082717081
44 378 1082717085
51 177 1082717213
400 44 1082717349
228 103 1082717511
407 281 1082717714
263 9 1082717856
51 175 1082717927
41 317 1082718139
109 241 1082718272
372 71 1082718540
242 99 1082718708
105 58 1082718758
75 103 1082718927
317 46 1082720154
63 463 1082720168
9 99 1082721036
148 396 1082741603
378 355 1082741645
396 75 1082742068
103 263 1082744110
6 385 1082745481
212 323 1082745659
144 323 1082745815
335 307 1082745893
212 175 1082746385
44 38 1082746993
32 127 1082747959
72 95 1082749051
128 75 1082749071
407 460 1082749129
513 41 1082749176
191 165 1082749262
239 182 1082749354
307 315 1082749374
308 289 1082749391
520 263 1082749400
355 32 1082749423
392 281 1082749444
311 323 1082749542
88 260 1082749637
6 41 1082749757
212 228 1082750393
120 365 1082750637
145 51 1082750770
431 316 1082750830
34 19 1082751284
3 41 1082751801
8 48 1082753565
224 308 1082756670
271 44 1082757534
228 316 1082758516
53 409 1082758745
315 36 1082758968
281 379 1082760011
252 368 1082760681
302 392 1082761826
429 358 1082762055
97 368 1082762898
288 32 1082763520
223 211 1082763674
212 437 1082764006
281 215 1082768258
43 398 1082768279
32 400 1082768355
45 321 1082768523
329 302 1082768576
263 337 1082768616
313 67 1082768729
281 407 1082768765
254 308 1082770262
220 299 1082770436
32 235 1082772499
323 373 1082773348
52 109 1082773642
67 367 1082773711
100 303 1082773798
365 212 1082773829
128 254 1082773864
186 6 1082777620
400 174 1082778734
175 62 1082780126
398 396 1082781105
101 376 1082781852
291 144 1082782023
281 254 1082782364
8 190 1082782436
96 52 1082782472
88 194 1082782510
266 386 1082782545
481 405 1082782564
128 430 1082782610
260 254 1082782632
223 212 1082782648
41 391 1082782678
212 378 1082782768
335 19 1082782793
378 317 1082782821
321 62 1082782896
175 212 1082782914
368 64 1082782926
263 447 1082783260
81 9 1082783365
325 343 1082783508
317 298 1082784142
365 220 1082784235
48 236 1082784982
323 236 1082785151
396 31 1082785541
303 276 1082786041
128 101 1082787361
9 51 1082787836
288 212 1082787880
67 263 1082788102
69 281 1082788143
396 215 1082788304
454 194 1082789132
303 120 1082789253
190 254 1082789317
323 321 1082789394
303 51 1082789421
12 124 1082789902
296 73 1082789993
161 271 1082790172
321 413 1082790636
254 501 1082790887
176 396 1082790910
325 103 1082790969
128 56 1082791017
221 465 1082791077
359 51 1082791153
333 101 1082791166
345 463 1082791168
323 128 1082791216
176 281 1082791248
375 263 1082791336
149 9 1082791356
212 129 1082791358
302 154 1082791450
308 110 1082791473
32 51 1082791505
216 98 1082791511
41 56 1082791516
167 308 1082791562
296 324 1082791565
321 198 1082791575
249 115 1082791590
520 302 1082791592
323 176 1082791613
429 63 1082791645
317 9 1082791703
36 365 1082791710
392 8 1082791719
254 399 1082791745
263 32 1082791770
172 103 1082791774
161 462 1082791796
263 9 1082791813
172 9 1082791825
81 41 1082791841
414 288 1082791866
95 378 1082791868
349 464 1082791906
52 359 1082791920
144 281 1082791939
281 321 1082792036
483 281 1082792059
324 103 1082792143
63 44 1082792170
72 12 1082792284
211 335 1082792398
52 277 1082792455
212 254 1082792495
144 51 1082792526
32 272 1082792551
419 177 1082792614
288 9 1082792625
265 317 1082792629
175 88 1082792639
368 12 1082792720
175 34 1082792724
215 103 1082792756
63 281 1082792771
263 323 1082792854
368 260 1082792871
124 321 1082792886
308 175 1082792890
41 311 1082792912
308 437 1082793033
63 32 1082793068
447 63 1082793085
324 337 1082793094
48 267 1082793101
72 324 1082793170
297 34 1082793174
263 389 1082793224
132 308 1082793307
288 282 1082793327
297 465 1082793357
44 357 1082793383
447 456 1082793490
62 423 1082793513
51 236 1082793526
454 299 1082793558
97 67 1082793622
336 303 1082793670
398 132 1082793700
212 191 1082793755
95 147 1082793760
194 51 1082793781
63 68 1082793787
324 19 1082793881
124 372 1082794070
112 38 1082794114
220 172 1082794174
303 68 1082794221
483 392 1082794244
58 132 1082794283
254 400 1082794299
63 368 1082794329
34 413 1082794400
72 294 1082794526
275 324 1082794637
288 128 1082794645
283 391 1082794657
51 400 1082794679
297 95 1082794697
263 413 1082794707
368 317 1082794736
74 48 1082794747
103 350 1082794771
75 51 1082794790
9 79 1082794802
400 512 1082794833
72 61 1082794838
51 29 1082794860
176 44 1082794873
433 429 1082794876
9 321 1082794883
338 277 1082794917
369 263 1082795011
405 58 1082795045
236 67 1082795074
146 67 1082795084
36 400 1082795092
466 11 1082795137
413 96 1082795149
323 368 1082795168
321 63 1082795176
87 9 1082795183
8 329 1082795194
212 281 1082795208
392 316 1082795272
204 323 1082795293
281 372 1082795341
254 447 1082795363
48 168 1082795396
242 337 1082795417
525 44 1082795418
62 32 1082795610
9 191 1082795631
62 324 1082795710
144 505 1082795788
342 44 1082795801
508 372 1082795805
161 109 1082795864
478 460 1082795899
378 58 1082796000
313 332 1082796028
124 396 1082796053
256 9 1082796076
69 385 1082796103
378 316 1082796121
481 392 1082796413
308 337 1082796466
58 103 1082796748
392 181 1082796780
143 318 1082797126
9 124 1082797139
19 84 1082797141
379 368 1082797151
3 424 1082797165
96 396 1082797326
376 44 1082797493
325 90 1082797560
220 8 1082797577
56 392 1082797717
390 48 1082797726
36 239 1082797734
177 9 1082797735
19 468 1082797758
135 254 1082797791
392 323 1082797849
400 458 1082797958
140 32 1082798009
127 263 1082798153
36 44 1082798242
38 56 1082798277
368 481 1082798295
413 36 1082798385
405 51 1082798407
88 103 1082798448
9 41 1082798456
405 365 1082798529
372 309 1082798706
317 323 1082798741
103 256 1082798811
75 97 1082798883
299 250 1082798922
48 34 1082799018
12 317 1082799073
176 297 1082799132
409 1 1082799336
254 103 1082799344
38 236 1082799395
424 48 1082799492
216 409 1082799495
263 103 1082799513
9 184 1082799813
378 482 1082800356
324 274 1082800359
82 41 1082800502
503 221 1082800641
193 317 1082800924
103 308 1082801641
502 38 1082802260
265 308 1082802278
452 9 1082802281
311 288 1082802311
168 102 1082802380
291 176 1082802402
398 323 1082802453
308 278 1082802514
402 281 1082802555
194 407 1082802568
254 447 1082802619
176 175 1082802644
168 357 1082802655
530 32 1082802667
20 263 1082802673
67 254 1082802716
62 28 1082802726
372 6 1082802768
368 413 1082802803
204 36 1082802819
321 214 1082802827
8 389 1082802893
254 373 1082802914
101 72 1082802940
25 34 1082803230
82 236 1082803230
137 36 1082803315
88 299 1082803503
472 307 1082803592
299 365 1082804389
116 36 1082805529
368 321 1082805994
215 466 1082807759
212 128 1082807764
212 71 1082807780
256 124 1082807785
303 335 1082807790
409 9 1082807799
307 63 1082807823
212 481 1082807847
33 254 1082807851
235 378 1082807856
288 454 1082808059
6 109 1082808067
212 371 1082808071
9 307 1082808080
191 204 1082808084
194 400 1082808088
194 254 1082808093
316 144 1082808097
19 450 1082808101
308 350 1082808108
62 386 1082808113
72 398 1082808118
114 72 1082808131
469 297 1082808140
368 359 1082808145
3 506 1082808153
204 281 1082808160
335 181 1082808912
41 128 1082813713
169 263 1082813753
6 44 1082814036
209 254 1082814588
103 135 1082832584
460 6 1082833362
34 416 1082833487
474 204 1082833784
85 211 1082833945
34 164 1082833992
307 365 1082834275
108 176 1082835672
325 405 1082835766
144 444 1082835825
297 335 1082836027
32 484 1082836177
396 36 1082836204
101 236 1082836225
211 309 1082836274
413 191 1082836277
323 398 1082836380
365 81 1082836457
9 73 1082837518
221 103 1082838056
41 378 1082838759
212 497 1082838772
109 6 1082838861
53 212 1082838963
256 282 1082839022
308 175 1082839070
321 162 1082839321
97 479 1082839444
324 286 1082839806
48 61 1082839859
456 263 1082839951
74 317 1082840457
281 109 1082840582
32 67 1082840800
41 48 1082840963
277 72 1082841297
212 44 1082842693
63 274 1082844137
371 51 1082844540
27 281 1082845340
6 48 1082846758
174 430 1082846766
272 102 1082847002
19 228 1082847025
9 324 1082847072
185 396 1082847398
267 68 1082848269
378 323 1082848309
520 392 1082848352
189 221 1082848373
79 95 1082848393
140 335 1082848569
175 332 1082848571
508 32 1082848608
69 299 1082848718
177 337 1082848743
281 175 1082848828
257 463 1082848843
393 372 1082848903
155 313 1082848932
263 149 1082848939
302 40 1082848944
212 181 1082848965
44 331 1082849042
280 323 1082849207
393 323 1082849305
357 361 1082849417
194 228 1082849439
286 318 1082849598
254 99 1082849766
359 63 1082850049
494 9 1082850176
212 308 1082850584
378 396 1082850713
308 263 1082850895
463 154 1082851082
282 302 1082851193
445 191 1082851231
236 209 1082851233
214 254 1082851282
67 289 1082851434
48 311 1082851605
103 368 1082851882
149 263 1082851910
204 405 1082851949
275 323 1082852027
191 313 1082852211
437 95 1082852340
161 19 1082852382
282 429 1082852800
260 63 1082852820
335 297 1082853180
97 88 1082853216
36 281 1082853229
399 96 1082853328
302 48 1082853352
378 465 1082853407
127 281 1082853455
6 128 1082853560
74 76 1082853756
58 368 1082853843
355 132 1082853844
289 78 1082853870
350 19 1082853897
368 297 1082854064
56 355 1082854150
392 145 1082854319
368 124 1082854425
52 144 1082854426
263 129 1082854527
132 109 1082854539
260 389 1082854637
308 344 1082854853
32 437 1082854944
368 32 1082854961
311 308 1082855027
105 51 1082855142
60 398 1082855336
175 135 1082855702
359 144 1082856217
396 283 1082856808
365 321 1082856866
297 8 1082856892
137 321 1082857416
288 105 1082857909
184 175 1082858085
168 109 1082858249
437 184 1082858396
451 32 1082858465
407 38 1082858527
44 518 1082858589
242 63 1082858779
51 400 1082859059
134 289 1082859471
58 468 1082859521
48 414 1082859852
41 109 1082859885
189 36 1082859925
321 215 1082859948
396 63 1082859961
474 103 1082859979
58 281 1082859994
359 308 1082860239
325 376 1082860379
58 19 1082860500
371 63 1082860754
329 212 1082860934
409 103 1082860940
63 323 1082861121
398 405 1082861421
194 243 1082861739
321 478 1082861880
51 321 1082861948
190 193 1082862258
389 383 1082862650
297 481 1082862781
38 372 1082863494
220 88 1082864167
74 9 1082864976
460 405 1082865111
308 281 1082865360
212 3 1082865421
228 308 1082865495
204 481 1082865816
297 316 1082865878
32 281 1082866000
144 396 1082866248
50 144 1082866401
296 103 1082866818
48 175 1082866991
372 56 1082867307
87 281 1082867532
337 413 1082867662
175 396 1082867874
214 89 1082867948
358 177 1082867986
409 423 1082868321
98 212 1082868333
236 389 1082870312
327 103 1082870381
175 413 1082870627
190 48 1082870736
398 435 1082872216
263 48 1082872324
236 41 1082872358
288 317 1082872392
308 249 1082872623
323 9 1082873861
212 34 1082873924
396 36 1082874683
249 128 1082874803
9 309 1082875165
204 63 1082875654
48 392 1082875666
409 321 1082876439
34 103 1082877117
399 285 1082877436
409 101 1082877744
62 316 1082878073
396 51 1082878605
502 62 1082880535
144 308 1082881208
464 389 1082881660
32 109 1082882503
62 194 1082882528
325 9 1082882709
414 19 1082882811
9 176 1082882856
41 413 1082882877
144 317 1082882893
316 36 1082882962
19 185 1082882967
194 32 1082883270
176 389 1082883506
72 97 1082883520
337 109 1082883809
67 236 1082883813
321 1 1082883835
36 51 1082883884
281 174 1082883971
48 321 1082884190
302 260 1082884232
352 431 1082884244
414 140 1082884244
372 36 1082884333
41 44 1082884479
177 74 1082884511
212 335 1082884570
221 176 1082884650
9 373 1082884947
321 95 1082885487
254 8 1082885499
135 36 1082885579
12 75 1082885637
176 299 1082885661
281 372 1082885665
212 128 1082885702
281 442 1082885727
357 321 1082885760
256 194 1082885764
6 34 1082885813
429 211 1082885824
164 372 1082885851
58 103 1082885872
323 36 1082885995
128 254 1082886030
254 92 1082886052
44 103 1082886054
263 228 1082886083
221 38 1082886157
48 9 1082886172
292 263 1082886236
405 502 1082886253
346 44 1082886316
38 34 1082886336
48 69 1082886351
220 228 1082886368
72 8 1082886421
65 374 1082886450
510 48 1082886469
48 192 1082886544
283 36 1082886587
368 124 1082886610
283 62 1082886643
308 204 1082886675
101 315 1082886688
36 62 1082886740
174 6 1082886758
209 308 1082886835
63 281 1082886857
48 445 1082886858
392 302 1082886907
74 392 1082886952
52 124 1082886971
405 101 1082887049
36 392 1082887056
392 101 1082887127
19 304 1082887137
191 95 1082887211
409 135 1082887212
507 194 1082887232
199 288 1082887269
288 44 1082887307
63 359 1082887307
357 263 1082887319
41 38 1082887418
277 214 1082887443
375 319 1082887532
193 58 1082887549
281 332 1082887567
194 193 1082887579
41 74 1082887603
32 103 1082887671
70 6 1082887678
389 364 1082887699
194 103 1082887827
309 407 1082887873
457 263 1082887958
70 96 1082888015
409 487 1082888041
303 316 1082888043
88 32 1082888052
131 316 1082888140
62 431 1082888220
294 9 1082888339
321 214 1082888339
155 289 1082888392
51 302 1082888413
277 92 1082888524
204 193 1082888536
8 94 1082888645
97 214 1082888725
211 41 1082888735
316 124 1082888740
134 428 1082888751
193 72 1082888917
72 144 1082888920
128 101 1082888953
423 372 1082889054
386 368 1082889075
263 88 1082889113
63 101 1082889140
379 124 1082889149
289 321 1082889180
194 294 1082889202
248 160 1082889235
281 321 1082889359
376 95 1082889416
378 32 1082889474
220 214 1082889542
63 144 1082889561
319 176 1082889610
424 48 1082889621
356 460 1082889643
344 281 1082889644
144 417 1082889677
175 297 1082889744
63 103 1082889746
403 321 1082889784
56 177 1082889800
212 32 1082889822
121 325 1082889856
48 144 1082889864
6 316 1082889893
212 352 1082889910
103 422 1082889911
177 368 1082889912
176 67 1082889944
161 234 1082890000
193 277 1082890036
323 52 1082890042
41 242 1082890098
52 373 1082890105
171 335 1082890119
329 175 1082890169
423 372 1082890229
103 335 1082890272
212 379 1082890344
9 99 1082890453
337 63 1082890494
281 388 1082890594
191 309 1082890705
281 391 1082890722
44 430 1082890779
48 103 1082890791
97 41 1082891353
212 329 1082891427
38 321 1082891687
263 277 1082891732
263 302 1082891807
288 41 1082891832
124 355 1082891974
19 59 1082892015
407 405 1082892045
9 474 1082892059
335 32 1082892126
12 305 1082892318
184 70 1082892518
349 321 1082892909
454 135 1082893190
494 281 1082893197
296 365 1082893204
335 168 1082893221
308 332 1082893246
56 409 1082893416
41 466 1082894381
194 58 1082894822
74 184 1082896466
19 103 1082898211
277 355 1082898283
140 36 1082898359
256 175 1082898422
228 27 1082916711
299 72 1082917027
372 9 1082920909
109 32 1082921464
236 456 1082922014
409 357 1082924527
483 180 1082925314
379 41 1082925927
67 294 1082926341
61 316 1082928441
38 135 1082929648
480 164 1082929848
135 51 1082930135
419 36 1082932458
36 337 1082932673
191 176 1082932884
72 368 1082933693
30 281 1082933989
316 69 1082934223
103 263 1082935467
288 310 1082935765
308 430 1082935814
212 261 1082936101
135 56 1082936128
56 454 1082936805
204 294 1082936843
27 3 1082937060
204 319 1082937580
44 177 1082937803
228 373 1082937885
18 233 1082937994
365 12 1082938175
6 396 1082938396
317 396 1082939235
9 324 1082939473
50 85 1082939913
44 323 1082939964
191 181 1082940004
382 44 1082940059
317 204 1082940866
103 50 1082940869
365 228 1082940878
443 72 1082940883
497 263 1082941180
124 324 1082941624
44 186 1082942825
389 308 1082943527
335 392 1082943650
51 147 1082944411
124 6 1082944567
221 58 1082944891
180 311 1082944983
63 9 1082945103
73 82 1082945228
50 209 1082945257
378 51 1082945287
239 88 1082945306
389 32 1082945312
41 372 1082945495
297 88 1082945596
62 321 1082945648
357 409 1082945798
32 297 1082946058
396 32 1082946164
175 359 1082946205
124 58 1082946226
321 8 1082946267
69 59 1082946301
63 103 1082946540
323 476 1082946633
398 9 1082948735
41 277 1082948778
209 308 1082950430
133 103 1082950522
221 88 1082950910
475 316 1082951104
204 405 1082951267
9 392 1082951300
318 338 1082951438
124 58 1082951480
22 32 1082951551
387 281 1082951704
372 475 1082951755
297 62 1082951893
79 407 1082952078
396 9 1082952225
176 95 1082952345
6 463 1082952399
236 372 1082952539
11 413 1082953823
48 51 1082955438
44 454 1082955515
321 392 1082956140
409 13 1082956481
221 477 1082956655
32 44 1082957133
63 209 1082957380
324 9 1082957450
236 41 1082957505
263 36 1082957673
176 201 1082957685
51 481 1082957765
41 102 1082957918
306 401 1082958043
105 204 1082958047
32 281 1082958105
474 263 1082958123
332 81 1082958138
307 68 1082958311
32 44 1082958356
12 407 1082958564
99 143 1082958693
9 63 1082958864
44 308 1082958867
464 321 1082958883
34 177 1082958907
90 101 1082958919
44 302 1082958944
38 41 1082959027
221 128 1082959053
204 359 1082959263
63 411 1082959303
400 294 1082959336
405 335 1082959459
354 50 1082959529
38 358 1082959563
36 373 1082959897
319 252 1082959982
79 321 1082960026
51 58 1082960053
64 44 1082960057
63 32 1082960298
160 496 1082960602
355 109 1082960649
212 316 1082960659
74 378 1082960672
3 145 1082960750
12 175 1082960820
63 204 1082960837
324 368 1082960895
281 128 1082960931
32 38 1082960943
101 281 1082960952
63 101 1082960970
41 63 1082960973
378 288 1082960993
349 277 1082961076
140 337 1082961084
405 419 1082961176
124 101 1082961242
209 175 1082961242
221 323 1082961311
103 69 1082961339
386 483 1082961365
396 304 1082961392
19 316 1082961537
101 237 1082961570
204 365 1082961699
97 263 1082961727
69 62 1082961748
396 281 1082961772
272 48 1082961860
41 6 1082961870
378 73 1082961879
460 281 1082961929
225 228 1082962022
199 338 1082962113
52 263 1082962153
63 373 1082962179
335 101 1082962234
321 220 1082962262
311 429 1082962447
409 9 1082962531
400 376 1082962543
414 120 1082962575
95 263 1082962615
276 119 1082962676
191 194 1082962686
413 281 1082962975
44 99 1082963055
41 75 1082963180
91 468 1082963303
61 84 1082963419
211 41 1082963512
32 51 1082963526
6 75 1082963598
389 19 1082963698
211 131 1082963741
378 321 1082963914
164 194 1082963954
62 308 1082963984
41 378 1082963990
41 174 1082963999
190 311 1082964096
186 34 1082964277
242 209 1082964379
365 372 1082964745
407 393 1082964847
175 73 1082964990
365 88 1082965148
357 175 1082965192
311 284 1082965334
209 263 1082965685
392 38 1082965883
335 143 1082966014
324 70 1082966042
372 114 1082966218
180 263 1082966219
409 254 1082966415
393 248 1082966429
376 281 1082966689
175 34 1082966760
389 6 1082966813
316 324 1082966844
95 254 1082966852
378 75 1082966928
3 48 1082967168
63 20 1082967206
311 134 1082967462
372 300 1082967605
144 101 1082967629
99 481 1082967716
164 9 1082967817
86 193 1082967828
220 62 1082967931
281 335 1082968126
176 372 1082968173
83 88 1082968223
316 51 1082968537
316 294 1082968737
52 38 1082968947
74 325 1082968955
25 517 1082969098
319 95 1082969149
335 425 1082969190
19 60 1082969403
429 263 1082969638
96 389 1082969709
372 489 1082969738
405 308 1082969738
191 214 1082969776
398 310 1082969785
46 177 1082969792
398 51 1082969961
317 308 1082970044
58 263 1082970336
180 79 1082970407
282 48 1082970440
4 8 1082970857
392 19 1082970979
274 321 1082971101
400 297 1082971150
12 6 1082971275
314 372 1082971353
378 344 1082971457
277 8 1082971533
228 155 1082971702
289 307 1082971964
263 69 1082971984
105 161 1082972294
321 260 1082972379
199 316 1082972464
144 232 1082972502
204 212 1082972614
368 88 1082972625
397 176 1082972650
60 211 1082972760
317 400 1082972822
368 267 1082973198
323 294 1082973247
288 323 1082973381
6 314 1082973381
101 86 1082973436
214 56 1082973442
212 161 1082973474
8 502 1082973512
483 400 1082973527
379 6 1082973742
288 175 1082973961
386 288 1082974060
311 308 1082974144
456 6 1082974197
101 144 1082974249
188 288 1082974280
175 392 1082974303
51 460 1082974309
391 289 1082974386
234 482 1082974526
63 379 1082974579
72 212 1082974655
398 263 1082974853
316 103 1082974962
215 9 1082974992
220 48 1082975725
392 321 1082975764
222 155 1082976041
263 346 1082977240
58 12 1082977423
72 368 1082977768
321 140 1082979630
41 335 1082979777
103 325 1082979788
308 242 1082979801
297 317 1082980205
53 51 1082980899
103 128 1082984436
359 12 1082990408
103 48 1082997707
281 176 1082999612
321 316 1083002608
400 425 1083002711
358 166 1083002837
356 514 1083002917
288 9 1083003469
326 103 1083003485
32 88 1083003512
283 6 1083003577
318 144 1083003589
260 297 1083003597
409 271 1083003722
181 75 1083003991
186 291 1083004997
396 321 1083006622
131 41 1083007282
316 172 1083007302
34 368 1083007346
9 349 1083008168
101 355 1083008385
91 398 1083009684
88 90 1083010200
72 392 1083010857
310 44 1083011025
36 349 1083011135
38 175 1083011411
186 212 1083013364
260 48 1083014060
58 472 1083015753
372 334 1083016090
281 135 1083016196
413 319 1083016582
41 494 1083016687
308 34 1083016708
466 66 1083016814
62 176 1083017089
36 119 1083017192
32 281 1083017242
27 355 1083017268
193 274 1083017396
317 398 1083017720
191 72 1083017863
75 53 1083017914
254 41 1083018602
281 96 1083018944
41 51 1083019152
191 6 1083020491
378 314 1083021617
407 454 1083021844
3 288 1083022164
98 475 1083022276
9 67 1083023022
212 9 1083023075
526 177 1083023508
405 386 1083023948
194 52 1083024166
517 281 1083025217
126 228 1083025404
103 105 1083025931
103 41 1083026148
177 516 1083026255
295 372 1083026576
191 88 1083026942
398 34 1083027037
51 128 1083027132
6 226 1083028007
58 214 1083028488
398 389 1083029301
75 48 1083029386
501 392 1083029651
103 177 1083029836
214 51 1083029893
74 48 1083030012
132 372 1083030013
32 60 1083030041
32 212 1083030163
273 413 1083030264
193 44 1083030317
399 48 1083030405
317 314 1083030532
3 141 1083030664
48 502 1083030944
9 372 1083030975
50 41 1083031058
378 58 1083031145
468 8 1083031256
6 127 1083032211
504 9 1083032265
131 144 1083032504
19 378 1083032516
74 194 1083032539
41 6 1083032563
9 365 1083032603
61 34 1083032703
308 191 1083032793
425 323 1083033278
19 456 1083033436
194 131 1083034076
6 237 1083034095
254 124 1083034587
327 357 1083035131
189 105 1083035176
14 288 1083035238
184 317 1083035536
19 392 1083035816
168 135 1083035963
120 409 1083036046
68 32 1083036102
386 281 1083036179
396 502 1083036461
396 41 1083036825
177 356 1083037271
9 409 1083037427
144 349 1083037809
392 472 1083037958
483 236 1083038046
234 62 1083038176
281 201 1083038352
212 502 1083038413
79 396 1083038532
9 408 1083038647
48 431 1083038988
357 32 1083039126
378 171 1083039195
263 9 1083039328
175 211 1083039395
463 19 1083039452
338 325 1083039858
456 19 1083040089
254 190 1083040542
322 63 1083040579
393 128 1083040656
174 8 1083040803
9 183 1083040855
285 254 1083040896
176 293 1083041034
72 38 1083041045
368 308 1083041232
211 254 1083041256
51 474 1083041290
34 316 1083041513
72 36 1083041550
175 324 1083041605
175 12 1083041702
62 393 1083041796
378 289 1083041845
63 485 1083042068
308 316 1083042070
220 300 1083042184
306 324 1083042202
185 41 1083042284
323 68 1083042290
469 377 1083042293
214 228 1083042296
181 214 1083042299
393 321 1083042328
307 429 1083042558
345 176 1083042564
48 263 1083042622
264 254 1083042629
274 431 1083042689
144 288 1083042792
144 308 1083042906
34 378 1083042930
263 214 1083043002
409 212 1083043025
335 135 1083043079
41 76 1083043118
127 78 1083043169
389 321 1083043278
502 68 1083043534
95 447 1083043697
288 497 1083043880
277 103 1083044032
431 9 1083044172
8 63 1083044324
396 424 1083044420
368 237 1083044490
302 86 1083044683
389 96 1083044794
48 317 1083044947
17 191 1083045016
409 378 1083045130
324 30 1083045132
103 98 1083045343
36 372 1083045391
372 464 1083045403
460 335 1083045481
481 396 1083045621
379 410 1083045631
319 48 1083045796
174 214 1083045812
8 294 1083046108
9 8 1083046309
308 103 1083046371
321 48 1083046424
481 6 1083046517
135 378 1083046581
277 441 1083046587
515 207 1083046681
103 437 1083046737
407 254 1083046747
128 121 1083046855
101 407 1083046856
1 176 1083046925
396 281 1083046954
494 119 1083046959
48 44 1083046991
425 313 1083047094
63 413 1083047186
297 204 1083047192
335 311 1083047269
324 101 1083047287
368 418 1083047289
288 323 1083047351
103 254 1083047431
36 321 1083047473
175 400 1083047562
32 131 1083047686
413 74 1083047721
321 221 1083047725
9 263 1083047774
221 349 1083047914
236 212 1083047970
281 9 1083048049
135 66 1083048108
41 376 1083048142
392 174 1083048203
288 311 1083048275
321 180 1083048359
368 62 1083048364
63 263 1083048388
214 32 1083048537
324 78 1083048577
34 372 1083048584
365 101 1083048646
220 32 1083048714
8 211 1083048866
184 48 1083048886
103 56 1083048890
414 483 1083049022
230 75 1083049049
302 58 1083049150
193 220 1083049258
6 48 1083049398
176 144 1083049431
400 220 1083049439
332 311 1083049455
168 276 1083049459
204 480 1083049507
403 8 1083049532
68 389 1083049576
103 32 1083049585
19 450 1083049587
6 317 1083049589
9 402 1083049642
214 135 1083049663
368 61 1083049674
297 224 1083049757
355 368 1083049799
8 56 1083049856
63 33 1083049863
477 124 1083049878
528 63 1083049918
51 416 1083049958
357 431 1083050023
392 201 1083050040
316 299 1083050074
51 308 1083050138
103 8 1083050144
350 144 1083050197
63 48 1083050222
307 513 1083050238
84 61 1083050270
321 323 1083050292
296 170 1083050318
263 239 1083050322
349 176 1083050322
6 189 1083050384
389 289 1083050385
321 55 1083050435
95 124 1083050442
68 36 1083050451
41 338 1083050465
454 32 1083050540
454 396 1083050563
396 263 1083050581
41 281 1083050631
378 263 1083050659
209 281 1083050734
36 311 1083050820
36 321 1083051051
145 409 1083051145
8 323 1083051161
220 176 1083051214
41 332 1083051243
378 456 1083051270
174 212 1083051310
176 291 1083051361
175 12 1083051363
317 177 1083051369
447 204 1083051374
149 184 1083051420
319 48 1083051546
32 133 1083051548
368 398 1083051558
8 389 1083051565
8 103 1083051590
88 177 1083051630
228 138 1083051657
263 9 1083051679
215 432 1083051760
437 204 1083051797
259 463 1083051818
9 208 1083051851
176 502 1083051860
6 378 1083051910
51 274 1083051932
90 405 1083051980
392 365 1083052010
211 51 1083052109
323 32 1083052114
392 298 1083052138
302 407 1083052157
263 396 1083052166
409 62 1083052351
9 78 1083052376
263 101 1083052479
313 90 1083052485
271 198 1083052500
273 396 1083052516
378 175 1083052524
481 394 1083052558
311 181 1083052594
335 27 1083052599
398 9 1083052599
345 41 1083052612
360 8 1083052624
297 368 1083052634
321 102 1083052634
321 175 1083052650
129 472 1083052680
132 51 1083052696
460 63 1083052822
69 365 1083052853
501 314 1083052966
120 254 1083053076
302 368 1083053076
103 501 1083053094
501 44 1083053150
8 6 1083053191
454 74 1083053230
388 308 1083053234
41 281 1083053318
316 368 1083053336
19 323 1083053358
103 32 1083053372
8 44 1083053606
294 396 1083053687
314 271 1083053715
316 194 1083053742
103 350 1083053756
222 9 1083053785
95 63 1083053810
191 12 1083053834
239 19 1083053934
51 95 1083054004
298 19 1083054026
352 393 1083054061
400 26 1083054096
177 62 1083054129
308 395 1083054297
191 32 1083054350
368 30 1083054369
476 140 1083054375
36 51 1083054432
50 76 1083054475
291 52 1083054480
8 19 1083054553
294 68 1083054583
176 392 1083054608
154 19 1083054617
103 391 1083054686
337 36 1083054768
398 281 1083054880
226 297 1083055071
502 372 1083055125
101 335 1083055126
144 19 1083055155
51 204 1083055198
212 190 1083055286
19 368 1083055317
101 355 1083055368
323 334 1083055543
271 98 1083055578
236 95 1083055714
288 41 1083055734
399 396 1083055752
396 511 1083055773
317 131 1083055798
325 51 1083055804
51 356 1083055886
429 392 1083055918
384 145 1083055942
212 409 1083055973
378 136 1083055973
103 410 1083055994
466 483 1083056032
306 460 1083056097
400 44 1083056124
423 308 1083056136
333 236 1083056145
27 88 1083056161
6 378 1083056179
3 172 1083056209
303 19 1083056210
209 307 1083056250
103 221 1083056278
129 100 1083056308
274 143 1083056320
34 164 1083056368
6 263 1083056373
260 48 1083056419
74 409 1083056471
389 489 1083056485
175 311 1083056517
96 209 1083056526
9 396 1083056573
67 281 1083056595
321 77 1083056623
63 313 1083056627
209 256 1083056649
88 512 1083056662
301 69 1083056718
323 9 1083056788
335 9 1083056790
74 372 1083056894
19 41 1083056900
425 27 1083056901
190 371 1083056938
281 189 1083057014
63 6 1083057044
425 454 1083057091
48 316 1083057097
9 445 1083057110
41 204 1083057129
372 53 1083057135
95 398 1083057168
9 214 1083057181
103 378 1083057193
263 48 1083057207
357 502 1083057216
67 88 1083057286
400 36 1083057302
288 51 1083057310
428 474 1083057341
316 9 1083057352
365 78 1083057379
281 368 1083057433
56 63 1083057466
88 413 1083057538
9 194 1083057547
294 414 1083057556
263 93 1083057607
9 104 1083057715
102 97 1083057823
340 244 1083057875
88 9 1083057892
321 405 1083057920
177 67 1083057935
378 254 1083057936
154 67 1083057954
44 184 1083057965
453 288 1083057973
263 425 1083057988
9 41 1083058072
144 236 1083058126
399 398 1083058191
212 32 1083058197
65 63 1083058200
324 103 1083058318
447 308 1083058323
460 291 1083058351
448 6 1083058361
34 328 1083058366
398 316 1083058393
175 6 1083058456
399 378 1083058474
41 236 1083058505
12 175 1083058560
51 502 1083058563
131 176 1083058672
60 185 1083058686
392 166 1083058711
212 423 1083058818
340 9 1083058828
53 220 1083058831
378 51 1083058843
189 175 1083058863
335 368 1083058896
88 72 1083058911
127 332 1083058949
282 214 1083059026
63 27 1083059027
454 463 1083059050
176 389 1083059152
302 337 1083059239
56 323 1083059326
400 75 1083059364
405 321 1083059388
519 490 1083059426
371 396 1083059442
161 204 1083059456
337 105 1083059457
96 321 1083059530
195 212 1083059560
114 337 1083059568
50 389 1083059583
314 44 1083059595
396 343 1083059600
63 254 1083059623
36 284 1083059670
221 365 1083059686
41 38 1083059728
480 19 1083059733
221 340 1083059770
8 51 1083059792
51 455 1083059809
308 3 1083059814
396 176 1083059874
19 440 1083059875
277 413 1083059898
396 212 1083059913
424 212 1083059914
48 378 1083059931
460 51 1083059942
263 456 1083059948
86 79 1083059955
8 493 1083059967
176 314 1083059998
281 6 1083060043
323 429 1083060045
191 12 1083060072
140 321 1083060073
134 335 1083060080
400 32 1083060080
105 466 1083060107
233 204 1083060124
368 386 1083060143
288 373 1083060162
130 194 1083060164
392 63 1083060166
337 103 1083060170
51 400 1083060195
358 281 1083060197
48 88 1083060206
32 177 1083060211
256 281 1083060244
388 212 1083060245
336 20 1083060271
236 95 1083060274
184 486 1083060276
321 317 1083060292
12 376 1083060329
481 321 1083060344
191 389 1083060350
323 52 1083060378
481 396 1083060472
449 211 1083060512
95 405 1083060540
204 52 1083060576
51 323 1083060582
237 20 1083060587
368 191 1083060642
41 398 1083060686
481 204 1083060704
448 281 1083060730
501 38 1083060744
345 212 1083060745
38 372 1083060745
191 318 1083060781
32 99 1083060791
317 321 1083060818
32 121 1083060921
38 475 1083060928
36 405 1083060984
9 492 1083060986
263 38 1083061017
9 67 1083061026
184 214 1083061042
101 97 1083061050
413 392 1083061065
176 236 1083061071
63 220 1083061077
126 392 1083061126
41 95 1083061140
281 311 1083061218
344 260 1083061234
368 437 1083061242
398 308 1083061252
14 175 1083061261
368 9 1083061262
132 214 1083061291
60 6 1083061296
204 58 1083061374
212 400 1083061376
263 396 1083061394
19 372 1083061417
9 175 1083061491
164 81 1083061492
174 389 1083061531
329 215 1083061557
509 431 1083061557
109 41 1083061558
375 19 1083061635
19 194 1083061687
209 357 1083061703
109 368 1083061805
281 175 1083061813
191 8 1083061823
325 8 1083061849
307 32 1083061851
335 337 1083061862
72 175 1083061862
221 63 1083061881
204 314 1083061923
211 316 1083061923
6 281 1083061927
288 36 1083061962
3 308 1083061972
443 40 1083061973
456 335 1083062033
201 199 1083062037
368 166 1083062166
32 466 1083062185
174 325 1083062191
254 63 1083062198
396 191 1083062215
502 74 1083062238
400 32 1083062362
180 172 1083062390
214 63 1083062399
392 56 1083062404
44 6 1083062468
48 317 1083062514
254 228 1083062612
214 483 1083062887
307 212 1083063012
175 308 1083063152
413 396 1083063154
8 400 1083063250
35 391 1083063288
460 3 1083063334
184 212 1083063451
413 288 1083063472
389 325 1083063499
88 260 1083063595
41 1 1083063630
236 8 1083063636
313 413 1083063738
460 368 1083063738
483 145 1083063751
105 103 1083063758
335 318 1083063783
368 407 1083063796
297 193 1083063820
19 9 1083063847
238 34 1083063867
129 9 1083063936
41 58 1083063938
41 281 1083063989
63 97 1083064028
481 209 1083064113
12 103 1083064139
204 6 1083064183
396 405 1083064183
220 323 1083064203
74 325 1083064218
372 302 1083064231
212 109 1083064259
378 109 1083064271
400 404 1083064307
215 72 1083064311
223 63 1083064344
103 41 1083064348
338 311 1083064366
357 144 1083064455
254 290 1083064528
456 396 1083064535
308 398 1083064551
281 6 1083064559
204 297 1083064567
194 185 1083064652
103 36 1083064759
211 315 1083064853
256 103 1083064944
177 332 1083064955
316 301 1083065103
349 315 1083065130
484 316 1083065252
6 456 1083065262
441 335 1083065296
215 396 1083065434
359 299 1083065512
12 135 1083065735
281 221 1083065739
199 48 1083065877
273 32 1083065896
353 396 1083066192
321 175 1083066198
104 155 1083066211
9 236 1083066921
103 175 1083067015
313 96 1083067059
308 34 1083067112
432 394 1083067491
398 190 1083067955
323 297 1083068038
321 41 1083082176
176 392 1083082264
144 228 1083082289
379 9 1083084866
103 327 1083086889
357 9 1083087641
372 220 1083090612
212 126 1083090771
59 214 1083091492
314 389 1083092071
254 297 1083092085
400 281 1083092897
175 32 1083093126
447 378 1083093170
48 481 1083093502
48 58 1083093578
228 30 1083093802
466 41 1083093823
51 297 1083094118
308 297 1083094295
392 201 1083094714
67 68 1083094824
52 357 1083095027
372 335 1083095083
103 116 1083095776
263 161 1083096640
281 95 1083097060
281 337 1083098056
51 368 1083099877
62 254 1083099910
289 302 1083101060
96 302 1083101271
288 338 1083101610
311 281 1083101799
175 181 1083101863
403 62 1083102130
185 393 1083103114
175 124 1083103124
127 349 1083103443
324 460 1083103578
200 95 1083103631
474 12 1083103804
323 318 1083103809
62 144 1083103868
34 212 1083103968
323 260 1083104021
334 8 1083104084
398 236 1083104339
359 317 1083104496
474 204 1083104612
185 221 1083104711
204 297 1083104901
368 405 1083104947
12 277 1083104962
144 51 1083105030
103 398 1083105108
288 103 1083105124
194 48 1083105152
321 323 1083105188
6 323 1083105206
61 103 1083105258
323 103 1083105295
316 281 1083105325
371 190 1083105510
296 378 1083105554
34 155 1083105599
316 103 1083105621
95 176 1083105640
316 321 1083105768
392 103 1083105781
132 415 1083105804
396 355 1083105827
263 308 1083105855
12 212 1083105883
372 9 1083105906
317 3 1083105927
233 343 1083105978
88 373 1083106081
234 191 1083106137
103 431 1083106174
101 162 1083106178
41 503 1083106193
22 325 1083106201
288 149 1083106477
321 314 1083106505
409 9 1083107133
101 379 1083107261
72 177 1083107272
321 222 1083107293
36 263 1083107317
1 405 1083107331
6 415 1083107357
62 372 1083107520
41 79 1083107576
236 212 1083107591
454 51 1083107608
103 297 1083107619
177 394 1083107633
263 163 1083107815
88 34 1083107922
368 19 1083107942
12 313 1083108005
323 294 1083108049
194 128 1083108196
254 422 1083108433
447 176 1083108556
300 23 1083108586
62 9 1083108596
343 220 1083108666
175 318 1083108728
177 158 1083108753
396 433 1083108754
51 9 1083108789
140 72 1083108790
311 321 1083108846
32 212 1083108854
27 392 1083108935
66 283 1083108951
319 204 1083108967
460 69 1083108980
502 405 1083108991
281 392 1083109025
372 483 1083109044
294 204 1083109062
8 370 1083109086
51 98 1083109094
9 314 1083109122
323 176 1083109163
428 358 1083109175
178 263 1083109188
297 8 1083109226
142 340 1083109281
504 487 1083109460
248 44 1083109467
176 103 1083109478
281 323 1083109553
407 50 1083109713
129 305 1083109744
228 6 1083109899
72 30 1083110161
103 358 1083110433
58 376 1083110443
9 422 1083110470
53 51 1083110472
254 185 1083110482
392 51 1083110507
101 222 1083110513
376 63 1083110535
349 343 1083110537
260 281 1083110540
405 48 1083110545
349 321 1083110551
32 58 1083110594
281 177 1083111023
147 63 1083111065
47 263 1083111094
8 335 1083111103
342 297 1083111111
402 38 1083111141
51 313 1083111187
297 9 1083111207
236 368 1083111224
104 168 1083111257
405 32 1083111291
96 9 1083111343
281 51 1083111406
52 41 1083111523
320 180 1083112125
288 454 1083112158
288 103 1083112174
199 41 1083112651
193 176 1083112689
214 359 1083112815
19 62 1083112911
409 211 1083113199
302 184 1083113383
145 67 1083113428
48 72 1083113618
415 311 1083113699
281 12 1083114319
440 281 1083114475
414 34 1083114639
325 290 1083115099
41 335 1083115308
84 32 1083115356
376 357 1083115436
359 69 1083115463
74 41 1083115776
84 513 1083115808
9 32 1083115870
391 254 1083116167
195 41 1083116285
124 6 1083116435
254 41 1083116497
175 6 1083116783
79 36 1083117117
212 63 1083117394
281 471 1083117461
144 372 1083117490
232 308 1083117970
501 405 1083118047
365 372 1083118315
392 314 1083119116
191 263 1083119288
90 19 1083119324
372 400 1083119427
103 59 1083119900
281 422 1083120013
137 372 1083120107
277 74 1083120564
124 400 1083120835
220 294 1083121409
190 101 1083121502
392 324 1083121868
398 281 1083122396
318 193 1083122477
324 254 1083122495
343 289 1083122681
447 34 1083122770
36 12 1083122831
321 22 1083122855
317 314 1083122881
372 236 1083122905
520 378 1083122952
392 281 1083123030
321 48 1083123188
8 12 1083123209
212 378 1083123211
134 375 1083123217
151 62 1083123239
176 321 1083123605
19 308 1083123614
281 213 1083123705
494 288 1083123744
72 248 1083123926
1 325 1083123956
212 365 1083124059
117 281 1083124107
58 41 1083124221
34 434 1083124339
176 525 1083124442
308 402 1083124541
334 220 1083124549
368 153 1083124567
51 263 1083124601
82 308 1083124713
344 194 1083124795
272 21 1083124835
84 263 1083124936
6 254 1083124980
361 46 1083125071
323 194 1083125213
460 392 1083125349
9 6 1083125400
263 102 1083125532
319 41 1083125667
297 389 1083125878
60 323 1083126430
212 349 1083126449
105 44 1083128409
247 8 1083128724
396 51 1083128819
455 97 1083129305
358 19 1083129425
30 519 1083130095
173 3 1083130334
41 396 1083130437
34 128 1083131104
260 321 1083131165
51 6 1083131167
437 160 1083131203
72 212 1083131885
484 103 1083132247
357 36 1083132310
9 378 1083132431
97 51 1083132852
71 272 1083132933
44 313 1083133066
120 372 1083133100
365 297 1083133114
194 215 1083133383
343 371 1083133705
319 78 1083133785
185 6 1083133846
463 316 1083133883
204 177 1083133977
212 441 1083134153
324 8 1083134189
333 313 1083134259
221 335 1083134389
74 32 1083134433
289 175 1083134624
224 41 1083134771
191 251 1083134978
212 52 1083135153
95 9 1083135530
41 212 1083135577
501 337 1083135684
88 396 1083135702
409 176 1083135788
359 6 1083135894
437 460 1083135954
297 176 1083135991
378 323 1083136032
222 372 1083136067
62 497 1083136393
333 69 1083136411
288 430 1083136498
51 286 1083136514
6 294 1083136547
51 289 1083136550
349 392 1083136551
88 36 1083136552
413 308 1083136578
405 84 1083136599
32 144 1083136620
48 359 1083136665
9 396 1083136669
323 177 1083136808
48 254 1083136812
400 194 1083136923
69 300 1083136937
498 281 1083136956
84 419 1083136970
62 263 1083137013
372 323 1083137033
209 101 1083137057
378 212 1083137060
263 463 1083137068
263 382 1083137141
109 220 1083137184
51 87 1083137194
263 281 1083137249
429 212 1083137261
68 348 1083137333
281 221 1083137340
236 19 1083137362
302 32 1083137394
372 272 1083137436
314 350 1083137494
410 72 1083137510
109 460 1083137527
386 103 1083137549
12 321 1083137588
204 395 1083137598
199 75 1083137621
527 32 1083137707
63 181 1083137730
413 335 1083137742
286 309 1083137749
211 338 1083137757
302 281 1083137758
204 88 1083137899
364 48 1083137978
68 260 1083137998
314 27 1083138057
103 41 1083138260
409 288 1083138267
387 294 1083138279
41 281 1083138354
254 308 1083138365
484 335 1083138370
274 8 1083138424
321 96 1083138433
144 177 1083138436
9 302 1083138504
240 396 1083138524
374 474 1083138532
68 34 1083138543
393 32 1083138554
308 124 1083138578
3 63 1083138597
101 299 1083138653
190 212 1083138754
378 281 1083138789
396 392 1083138845
41 34 1083138883
368 191 1083139085
41 236 1083139159
308 212 1083139161
392 63 1083139273
237 97 1083139285
368 105 1083139355
70 144 1083139359
103 348 1083139423
385 389 1083139452
199 359 1083139485
398 48 1083139493
368 481 1083139527
41 517 1083139552
281 378 1083139564
357 212 1083139566
335 263 1083139579
88 132 1083139641
20 14 1083139730
357 34 1083139798
41 323 1083139818
281 368 1083139845
9 368 1083139859
302 168 1083139880
442 221 1083139887
62 32 1083139923
103 299 1083139925
479 317 1083139926
323 72 1083139956
281 175 1083139957
266 2 1083139959
6 392 1083140008
63 228 1083140071
281 3 1083140081
61 335 1083140090
32 463 1083140095
44 281 1083140151
314 144 1083140178
281 124 1083140197
212 463 1083140206
199 372 1083140220
138 308 1083140320
9 323 1083140339
34 220 1083140377
176 177 1083140395
392 303 1083140402
3 41 1083140433
413 144 1083140542
288 174 1083140553
49 201 1083140593
281 482 1083140652
372 143 1083140659
260 288 1083140684
52 332 1083140686
321 289 1083140743
286 338 1083140759
239 36 1083140760
372 405 1083140780
308 358 1083140829
41 325 1083140865
303 393 1083140900
36 41 1083140921
76 392 1083140966
323 399 1083141016
79 48 1083141058
166 308 1083141276
51 176 1083141296
212 281 1083141392
8 51 1083141393
277 58 1083141602
74 26 1083141617
372 41 1083141620
69 9 1083141669
392 121 1083141673
191 483 1083141709
302 6 1083141716
3 176 1083141737
521 277 1083141742
48 198 1083141817
323 316 1083141822
389 267 1083141836
323 19 1083141854
42 102 1083141855
96 493 1083141858
34 398 1083141867
396 176 1083141867
413 190 1083141913
150 466 1083141919
325 6 1083141939
63 396 1083141951
97 9 1083141961
175 30 1083142028
298 308 1083142055
482 63 1083142078
281 283 1083142144
36 32 1083142162
53 9 1083142193
166 191 1083142289
309 214 1083142352
212 317 1083142388
94 177 1083142492
103 36 1083142568
215 214 1083142579
34 396 1083142586
51 392 1083142760
376 319 1083142780
9 131 1083142794
314 355 1083142865
6 424 1083142975
34 51 1083143010
308 389 1083143145
481 175 1083143150
368 392 1083143181
372 9 1083143233
344 481 1083143250
314 212 1083143321
9 175 1083143413
393 103 1083143438
465 318 1083143446
32 56 1083143511
72 58 1083143556
44 95 1083143574
105 378 1083143604
32 175 1083143617
319 175 1083143621
75 325 1083143647
335 321 1083143685
48 51 1083143729
140 194 1083143813
291 281 1083143924
96 176 1083143972
214 176 1083144020
9 314 1083144039
187 372 1083144116
204 288 1083144164
283 41 1083144298
74 368 1083144301
311 350 1083144339
496 44 1083144342
211 325 1083144400
6 44 1083144424
63 469 1083144442
191 288 1083144518
398 321 1083144550
41 204 1083144650
212 30 1083144704
12 349 1083144802
22 41 1083144830
199 424 1083144841
51 32 1083144846
356 260 1083144858
319 93 1083144869
379 204 1083144891
465 286 1083144904
98 176 1083144924
254 124 1083144940
323 103 1083144947
71 9 1083144949
63 405 1083144961
368 215 1083144967
466 99 1083144977
9 501 1083145087
254 3 1083145100
101 392 1083145118
454 67 1083145146
38 132 1083145159
432 392 1083145284
145 337 1083145400
321 6 1083145535
103 63 1083145556
62 44 1083145734
277 263 1083145881
212 155 1083145985
140 321 1083146053
209 409 1083146121
133 277 1083146144
101 274 1083146268
405 67 1083146306
204 359 1083146448
67 103 1083146562
357 9 1083146576
398 103 1083146660
314 81 1083146712
161 220 1083146755
375 50 1083146778
367 502 1083146817
6 281 1083146862
88 32 1083146863
51 44 1083146867
44 72 1083146901
184 460 1083146903
189 378 1083146969
88 79 1083147144
355 324 1083147259
75 324 1083147270
321 278 1083147291
425 236 1083147342
172 323 1083147394
6 36 1083147394
263 175 1083147464
410 400 1083147541
181 34 1083147556
281 36 1083147626
373 194 1083147664
396 120 1083147683
52 281 1083147693
63 184 1083147763
51 355 1083147779
51 508 1083147862
128 51 1083148043
281 220 1083148055
407 263 1083148067
32 378 1083148075
409 182 1083148151
263 297 1083148170
405 281 1083148197
50 378 1083148205
41 34 1083148231
344 3 1083148266
193 323 1083148319
311 400 1083148340
8 48 1083148356
134 48 1083148414
72 277 1083148554
482 299 1083148567
41 313 1083148649
413 308 1083148697
335 221 1083148838
372 323 1083148880
52 6 1083148914
63 325 1083148965
41 63 1083149047
429 9 1083149099
316 176 1083149166
127 368 1083149193
211 308 1083149202
161 32 1083149286
409 32 1083149427
398 228 1083149431
297 32 1083149543
48 12 1083149664
63 101 1083149875
280 308 1083149939
429 372 1083150105
109 318 1083150228
349 308 1083150297
398 48 1083150341
19 392 1083150411
103 254 1083150520
209 281 1083150545
297 41 1083150570
316 82 1083150611
405 316 1083150661
372 41 1083150769
175 174 1083150819
297 391 1083150875
396 70 1083150975
321 88 1083151011
177 193 1083151115
34 204 1083151122
124 211 1083151288
365 97 1083151307
67 311 1083151332
12 425 1083151398
335 211 1083151401
185 63 1083151412
323 8 1083151428
212 48 1083151479
211 487 1083151499
57 41 1083151551
66 36 1083151617
176 288 1083151668
422 392 1083151813
95 256 1083152042
32 396 1083152089
50 9 1083152177
107 101 1083152220
103 166 1083152305
309 495 1083152391
121 375 1083152429
321 124 1083152450
41 212 1083152490
144 101 1083152504
400 325 1083152718
316 263 1083152743
51 9 1083152810
74 48 1083152968
294 386 1083153200
281 228 1083153402
405 254 1083155520
392 263 1083159370
349 212 1083159981
51 41 1083161080
19 8 1083161781
8 391 1083167759
319 373 1083167893
97 396 1083170282
325 274 1083172175
220 51 1083172926
409 67 1083172988
194 288 1083173033
325 103 1083173335
6 482 1083173405
323 63 1083173714
181 527 1083174053
402 325 1083174345
368 286 1083174402
396 19 1083174521
199 344 1083174545
51 103 1083175465
398 61 1083175978
63 349 1083176496
9 321 1083177133
324 281 1083179751
281 84 1083179870
60 103 1083179953
378 68 1083180305
97 303 1083180419
51 379 1083180464
282 316 1083180544
103 236 1083180598
254 308 1083180920
214 321 1083180993
494 34 1083181040
127 316 1083181066
72 437 1083181083
191 378 1083181117
41 44 1083181258
281 465 1083181338
231 48 1083181776
51 94 1083182175
220 8 1083182225
102 359 1083183305
51 204 1083184016
392 176 1083184122
51 338 1083184217
88 48 1083184299
399 228 1083184313
12 389 1083184364
189 194 1083184382
41 316 1083184456
61 62 1083184703
323 86 1083185425
502 44 1083185550
44 215 1083185555
9 221 1083186009
6 48 1083186180
481 453 1083186192
359 21 1083186521
313 44 1083186948
174 324 1083187220
317 308 1083187700
413 365 1083188010
63 235 1083188047
212 120 1083188074
288 48 1083188134
44 347 1083188282
372 281 1083188295
376 396 1083188823
41 135 1083189907
29 41 1083190175
297 355 1083190231
186 410 1083190253
409 52 1083190310
393 396 1083190376
323 176 1083190416
212 12 1083190453
308 378 1083190514
185 502 1083190598
8 101 1083190894
109 19 1083191069
48 96 1083191088
67 86 1083191103
84 133 1083191258
51 155 1083191372
101 349 1083191460
368 228 1083191490
317 9 1083191605
6 308 1083192012
493 204 1083192164
41 299 1083192242
102 79 1083192529
356 50 1083192671
106 9 1083193464
129 288 1083193520
280 30 1083193545
194 48 1083194130
368 220 1083194180
308 212 1083194576
69 51 1083194665
308 32 1083194742
357 308 1083194781
128 6 1083194882
280 32 1083194947
111 460 1083195002
32 321 1083195085
36 475 1083195163
365 400 1083195231
297 96 1083195250
437 197 1083195281
63 281 1083195369
6 263 1083195482
204 12 1083195490
405 358 1083195583
12 9 1083195607
191 88 1083195745
101 69 1083195881
212 191 1083195924
260 281 1083195939
72 324 1083195978
6 190 1083195994
48 9 1083196240
288 317 1083196317
214 368 1083196453
63 12 1083196509
479 265 1083196704
58 3 1083196812
6 481 1083196814
50 204 1083196964
103 228 1083197060
308 36 1083197082
6 480 1083197140
101 88 1083197188
61 124 1083197259
400 109 1083197401
429 20 1083197519
164 103 1083197529
9 212 1083197620
411 330 1083197634
72 66 1083197639
36 131 1083197654
185 120 1083197711
109 91 1083197758
34 281 1083197789
321 176 1083197816
12 63 1083197850
281 321 1083197852
263 332 1083197896
41 379 1083198015
376 501 1083198016
432 297 1083198079
317 321 1083198125
502 58 1083198141
497 190 1083198225
101 82 1083198244
212 224 1083198373
119 409 1083198385
48 191 1083198432
481 134 1083198442
6 528 1083198504
41 176 1083198681
260 34 1083198727
396 92 1083198773
144 405 1083198784
212 484 1083198794
413 75 1083198814
335 191 1083198851
424 74 1083198894
288 413 1083198967
9 201 1083199026
460 60 1083199060
289 298 1083199072
435 66 1083199076
372 323 1083199086
358 324 1083199144
75 124 1083199199
8 405 1083199210
404 44 1083199222
63 289 1083199308
294 308 1083199315
299 329 1083199323
368 60 1083199370
479 263 1083199381
460 62 1083199473
58 175 1083199485
34 378 1083199644
12 185 1083199748
103 286 1083199905
393 51 1083200013
337 281 1083200184
294 378 1083200329
308 62 1083200395
212 172 1083200412
187 176 1083200669
67 19 1083200817
164 356 1083200832
177 63 1083200861
9 372 1083200874
93 85 1083200895
174 137 1083201059
12 51 1083201297
272 19 1083201592
311 323 1083201641
248 211 1083201663
460 84 1083201731
392 36 1083201937
349 335 1083201953
175 368 1083201975
9 44 1083202107
95 12 1083202181
368 8 1083202315
144 211 1083202606
83 502 1083202747
479 103 1083202937
283 33 1083202966
337 402 1083202985
321 436 1083203084
70 140 1083203190
463 48 1083203199
214 69 1083203203
34 32 1083203297
168 372 1083203320
236 234 1083203733
103 236 1083203818
365 34 1083204152
413 177 1083204272
44 255 1083204525
34 155 1083204570
194 36 1083204591
8 281 1083204717
398 95 1083205140
32 1 1083205315
51 56 1083205607
215 136 1083205734
132 175 1083205749
99 51 1083206032
189 378 1083206084
277 413 1083206226
473 175 1083206638
63 30 1083206807
263 144 1083206863
8 323 1083206957
144 263 1083206976
32 307 1083206983
313 164 1083207011
41 409 1083207048
527 56 1083207078
52 508 1083207235
221 362 1083207320
308 338 1083207457
166 389 1083207501
344 144 1083207734
361 496 1083207761
36 323 1083208051
299 191 1083208124
324 32 1083208426
56 256 1083208549
51 289 1083208682
32 212 1083209008
309 10 1083209121
398 74 1083209298
6 331 1083209348
400 53 1083209365
41 72 1083209389
302 194 1083209396
483 52 1083209459
392 103 1083209613
254 199 1083209696
324 308 1083209949
6 144 1083209974
391 362 1083210040
52 8 1083210223
263 176 1083210712
215 70 1083211062
39 34 1083211091
109 61 1083211125
6 51 1083211146
194 297 1083211462
36 277 1083211519
191 34 1083211543
221 335 1083211552
115 375 1083211589
332 314 1083211594
263 281 1083211642
409 350 1083211667
36 392 1083211676
191 6 1083211681
267 161 1083211689
315 74 1083211753
194 298 1083211762
263 60 1083211820
194 378 1083211861
211 38 1083211874
52 236 1083211927
175 67 1083212059
48 16 1083212068
335 254 1083212147
109 56 1083212199
281 44 1083212227
341 175 1083212522
175 460 1083212657
294 405 1083212843
343 96 1083212880
118 9 1083213010
212 289 1083213046
12 88 1083213088
316 324 1083213365
311 144 1083213426
109 325 1083213475
175 281 1083213503
442 19 1083213517
396 63 1083213844
396 344 1083213846
413 204 1083213963
402 186 1083214153
52 396 1083214172
329 335 1083214215
41 297 1083214294
103 48 1083214344
8 451 1083214401
377 32 1083214559
41 288 1083214560
378 144 1083214602
294 277 1083214605
254 80 1083214688
48 260 1083214718
405 508 1083214769
424 105 1083214804
75 463 1083214842
52 376 1083214871
6 338 1083214873
41 30 1083214893
9 365 1083214923
372 291 1083214944
307 176 1083214986
307 51 1083215064
299 175 1083215136
191 36 1083215191
72 481 1083215223
124 475 1083215388
177 41 1083215393
263 34 1083215425
60 212 1083215449
51 365 1083215561
34 242 1083215575
466 323 1083215706
374 316 1083215792
19 320 1083215832
212 357 1083215863
94 175 1083216093
277 36 1083216169
72 281 1083216191
350 133 1083216267
176 325 1083216517
400 190 1083216541
335 357 1083216615
260 34 1083216703
263 305 1083216715
179 204 1083216975
212 44 1083217055
329 135 1083217059
407 398 1083217388
465 368 1083217442
58 164 1083217598
323 149 1083217655
9 117 1083217719
358 97 1083217766
79 396 1083217783
368 36 1083217837
242 308 1083217877
56 6 1083217905
74 76 1083217940
398 482 1083217978
41 50 1083217986
445 453 1083217998
308 212 1083218018
400 19 1083218105
236 103 1083218187
48 236 1083218208
335 311 1083218229
271 378 1083218239
283 32 1083218251
103 378 1083218255
481 124 1083218322
236 289 1083218393
144 72 1083218419
323 36 1083218471
321 32 1083218490
308 185 1083218587
103 176 1083218712
260 187 1083218732
9 355 1083218884
15 254 1083219067
263 69 1083219088
41 378 1083219132
350 161 1083219173
378 321 1083219431
68 63 1083219739
413 284 1083219783
6 368 1083219974
135 393 1083220154
99 263 1083220166
6 133 1083220177
60 41 1083220344
368 315 1083220406
109 34 1083220639
439 424 1083220671
41 48 1083220837
332 324 1083220890
96 460 1083221349
27 44 1083221365
19 220 1083221685
8 48 1083221936
392 81 1083222059
75 176 1083222067
321 400 1083222126
375 32 1083222313
52 302 1083222336
143 409 1083222424
185 365 1083222429
368 221 1083222471
81 48 1083222543
204 392 1083222547
145 239 1083222577
41 309 1083222617
286 398 1083222651
335 277 1083222672
318 2 1083222677
325 454 1083222749
41 164 1083222817
60 51 1083222824
335 321 1083222839
502 101 1083222841
105 176 1083222892
376 368 1083222937
214 324 1083222990
281 177 1083223010
304 308 1083223044
176 127 1083223049
263 103 1083223195
51 263 1083223298
8 41 1083223333
522 51 1083223357
368 378 1083223406
1 189 1083223474
323 233 1083223534
51 263 1083223584
95 6 1083223586
405 9 1083223638
353 221 1083223739
303 63 1083223832
124 322 1083223844
95 263 1083223894
191 303 1083224009
423 384 1083224016
403 75 1083224077
392 44 1083224185
365 191 1083224233
479 175 1083224246
101 431 1083224261
177 378 1083224328
51 396 1083224349
88 281 1083224372
260 378 1083224433
41 368 1083224483
63 27 1083224518
63 272 1083224586
32 123 1083224606
299 214 1083224673
399 41 1083224686
96 372 1083224695
337 220 1083224721
431 321 1083224744
248 376 1083224778
51 188 1083224793
34 392 1083224888
144 88 1083224967
248 357 1083225060
96 413 1083225112
423 63 1083225158
410 212 1083225437
281 185 1083225447
48 517 1083225461
48 74 1083225500
176 380 1083225523
332 32 1083225534
177 175 1083225668
236 212 1083225699
409 386 1083225713
254 71 1083225750
280 48 1083225796
396 41 1083225813
51 342 1083225819
355 30 1083225826
352 1 1083225849
260 9 1083225882
236 34 1083225937
263 52 1083225965
48 402 1083226006
319 288 1083226021
396 378 1083226034
220 19 1083226043
62 120 1083226088
376 308 1083226109
97 297 1083226123
407 321 1083226128
263 144 1083226153
281 186 1083226171
446 41 1083226183
221 95 1083226252
59 212 1083226317
36 403 1083226338
308 19 1083226361
302 6 1083226398
63 288 1083226473
176 177 1083226513
194 38 1083226522
374 191 1083226566
140 281 1083226573
56 337 1083226600
212 215 1083226728
199 321 1083226757
288 41 1083226772
260 357 1083226791
323 468 1083226840
51 3 1083226900
90 32 1083226933
303 187 1083226961
254 289 1083227096
75 378 1083227182
32 323 1083227216
191 69 1083227291
51 398 1083227343
359 502 1083227344
263 19 1083227387
288 128 1083227390
41 335 1083227395
277 190 1083227402
281 257 1083227468
48 164 1083227549
158 464 1083227747
405 105 1083227754
317 281 1083227755
212 372 1083227780
376 342 1083227796
6 190 1083227829
281 372 1083227852
101 281 1083227871
157 19 1083227879
6 316 1083227914
51 410 1083227927
122 318 1083227932
339 128 1083227956
308 48 1083227970
166 51 1083227981
212 267 1083227995
464 34 1083228130
368 344 1083228229
8 299 1083228241
36 38 1083228323
355 391 1083228343
460 88 1083228344
127 175 1083228374
50 9 1083228381
316 9 1083228508
309 67 1083228548
211 281 1083228595
357 82 1083228615
60 228 1083228627
144 308 1083228633
443 203 1083228674
307 302 1083228706
412 495 1083228717
144 62 1083228764
254 269 1083228771
429 97 1083228825
190 221 1083228826
175 321 1083228827
185 9 1083228861
323 282 1083228935
36 263 1083228946
67 41 1083228985
1 378 1083229006
97 251 1083229045
103 289 1083229086
281 378 1083229108
176 254 1083229110
109 204 1083229120
378 281 1083229121
311 51 1083229130
9 297 1083229147
140 51 1083229153
280 460 1083229162
260 335 1083229207
56 63 1083229222
299 41 1083229230
101 263 1083229246
74 52 1083229260
481 323 1083229270
456 349 1083229274
95 34 1083229327
321 277 1083229374
277 8 1083229450
398 321 1083229561
352 308 1083229563
209 228 1083229671
338 400 1083229682
221 175 1083229698
409 89 1083229743
76 176 1083229774
368 19 1083229785
396 34 1083229823
36 407 1083229875
36 263 1083229880
429 263 1083229906
212 185 1083229918
189 372 1083229949
263 398 1083230044
228 74 1083230107
19 365 1083230179
480 120 1083230195
416 221 1083230200
392 314 1083230229
56 95 1083230234
212 335 1083230262
357 278 1083230267
407 316 1083230307
288 365 1083230378
479 357 1083230422
32 236 1083230459
9 376 1083230466
41 32 1083230473
175 368 1083230516
254 263 1083230544
321 378 1083230557
355 308 1083230602
405 3 1083230662
398 288 1083230692
36 228 1083230754
263 176 1083230757
321 184 1083230764
175 357 1083230787
51 263 1083230814
32 286 1083230816
393 376 1083230861
149 460 1083230865
105 63 1083230895
396 481 1083230901
291 193 1083230929
260 32 1083230938
483 32 1083230975
149 32 1083231019
405 263 1083231024
321 323 1083231090
368 357 1083231106
248 398 1083231114
68 124 1083231139
6 124 1083231151
168 368 1083231176
321 407 1083231304
27 177 1083231316
52 367 1083231317
378 131 1083231344
72 69 1083231358
318 267 1083231362
274 372 1083231431
480 6 1083231449
254 184 1083231455
323 255 1083231550
103 376 1083231557
316 210 1083231587
323 271 1083231590
359 321 1083231656
396 175 1083231674
175 44 1083231682
441 405 1083231691
124 44 1083231710
299 3 1083231816
254 155 1083231837
124 103 1083231891
288 220 1083231903
44 220 1083231912
454 277 1083231930
263 53 1083231962
431 254 1083231982
254 288 1083232030
236 325 1083232037
357 281 1083232143
277 305 1083232248
32 52 1083232260
321 424 1083232403
48 409 1083232426
360 357 1083232434
145 317 1083232452
67 144 1083232469
58 30 1083232478
263 34 1083232586
317 359 1083232633
9 297 1083232641
447 481 1083232643
63 121 1083232697
409 9 1083232713
204 99 1083232727
262 69 1083232774
3 497 1083232817
81 212 1083232817
155 413 1083232820
194 307 1083232875
348 345 1083232880
260 168 1083232885
48 372 1083232915
19 374 1083232931
48 359 1083232951
483 288 1083232978
447 105 1083232997
199 355 1083233001
263 466 1083233052
175 8 1083233104
221 289 1083233106
221 321 1083233107
324 9 1083233118
74 175 1083233152
172 12 1083233192
8 405 1083233265
409 291 1083233343
323 297 1083233344
88 275 1083233393
34 212 1083233405
96 398 1083233405
36 58 1083233422
127 399 1083233493
368 44 1083233517
41 84 1083233519
481 176 1083233580
254 74 1083233637
288 265 1083233695
332 357 1083233715
175 294 1083233783
378 254 1083233829
48 44 1083233829
63 274 1083233878
44 344 1083233940
357 72 1083233951
281 373 1083233964
1 432 1083233986
481 454 1083233989
204 398 1083234049
20 19 1083234080
88 368 1083234110
314 62 1083234196
103 368 1083234230
48 144 1083234249
324 302 1083234303
368 60 1083234351
95 321 1083234367
8 357 1083234430
212 6 1083234431
298 74 1083234432
405 313 1083234479
289 12 1083234527
323 141 1083234563
483 50 1083234611
39 212 1083234656
120 368 1083234664
319 63 1083234686
288 194 1083234736
48 524 1083234758
9 202 1083234914
309 62 1083234961
38 367 1083235012
356 378 1083235033
253 220 1083235156
378 48 1083235159
302 324 1083235186
9 277 1083235335
475 209 1083235358
6 175 1083235473
285 97 1083235486
372 9 1083235487
281 191 1083235528
392 174 1083235563
441 60 1083235590
9 176 1083235626
212 62 1083235690
365 300 1083235699
6 299 1083235712
41 233 1083235797
97 220 1083235858
9 463 1083235881
63 50 1083235911
32 308 1083235927
341 30 1083236001
323 324 1083236005
321 324 1083236019
236 316 1083236041
323 9 1083236061
79 236 1083236089
299 332 1083236193
222 41 1083236229
168 479 1083236267
69 190 1083236330
281 6 1083236452
450 263 1083236576
30 172 1083236583
61 263 1083236626
417 9 1083236638
413 523 1083236722
72 34 1083236856
122 308 1083236965
333 321 1083237017
202 389 1083237065
321 395 1083237108
454 187 1083237176
62 19 1083237179
1 103 1083237302
193 103 1083237307
378 9 1083237327
497 363 1083237353
38 242 1083237361
12 270 1083237370
9 75 1083237424
263 9 1083237456
52 378 1083237472
281 323 1083237491
103 69 1083237525
101 41 1083237556
176 303 1083237566
395 353 1083237594
332 44 1083237719
527 9 1083237794
470 254 1083238210
221 389 1083238239
317 97 1083238386
9 51 1083238622
9 176 1083238636
254 378 1083238685
36 51 1083238697
9 38 1083238779
32 494 1083238807
359 384 1083238993
103 204 1083239194
317 469 1083239422
68 392 1083239491
74 34 1083239771
260 32 1083240046
405 263 1083240047
317 209 1083240172
211 109 1083240226
325 321 1083240338
368 175 1083241257
329 315 1083241604
62 194 1083242353
204 175 1083243666
215 392 1083245849
168 267 1083246241
6 175 1083256343
333 222 1083258752
332 355 1083259315
466 464 1083260122
34 308 1083260287
199 135 1083260296
6 84 1083260442
102 191 1083260812
128 184 1083261008
95 481 1083261574
63 335 1083262843
375 338 1083263129
263 221 1083263184
48 67 1083263287
396 75 1083263509
396 217 1083263529
34 103 1083264055
172 41 1083264059
329 34 1083264157
74 9 1083264199
263 407 1083264229
324 27 1083264232
32 311 1083264374
294 274 1083264483
214 368 1083264648
97 324 1083264726
47 475 1083264794
176 184 1083264928
53 41 1083264952
299 9 1083265011
176 6 1083265018
254 396 1083265342
263 316 1083265417
313 68 1083265441
103 324 1083265462
254 124 1083265544
48 19 1083265562
281 58 1083265644
75 321 1083265666
481 317 1083265696
127 480 1083265709
8 51 1083265785
176 263 1083265788
398 177 1083265804
263 44 1083265843
209 398 1083265935
308 172 1083265955
191 103 1083265986
350 204 1083266020
297 9 1083266201
32 236 1083266342
41 372 1083266402
333 180 1083266820
120 254 1083266892
435 175 1083266924
222 32 1083267043
173 60 1083267225
359 99 1083267231
254 12 1083267425
463 316 1083268141
368 316 1083268418
314 428 1083268576
85 281 1083268678
9 117 1083268939
214 52 1083268973
323 392 1083269981
34 454 1083270106
323 263 1083270976
74 414 1083271294
79 41 1083271359
396 371 1083271477
6 199 1083272862
220 41 1083273072
101 324 1083273354
437 202 1083273615
321 211 1083273670
305 212 1083273995
263 392 1083274023
482 194 1083274034
51 70 1083274366
396 19 1083274538
325 378 1083275223
321 63 1083276026
263 274 1083276092
209 41 1083276105
154 260 1083276120
389 254 1083276127
63 34 1083276247
335 194 1083276762
102 86 1083276810
32 289 1083276883
9 392 1083277021
44 321 1083277575
252 1 1083277603
221 372 1083277641
407 432 1083277680
221 396 1083277785
177 392 1083277821
176 289 1083277830
242 58 1083277910
144 99 1083278001
409 79 1083278108
6 36 1083278121
30 260 1083278229
32 372 1083278365
133 352 1083278424
97 299 1083278539
9 303 1083278540
12 175 1083278663
68 9 1083278872
204 27 1083279401
480 324 1083279509
281 405 1083279749
254 60 1083279789
299 41 1083280088
32 95 1083280205
100 236 1083280380
34 332 1083280400
392 378 1083280574
316 128 1083280862
212 103 1083281063
236 56 1083281321
288 128 1083281596
6 211 1083281792
97 177 1083281866
447 281 1083282259
41 398 1083282480
409 317 1083284481
6 129 1083284547
8 254 1083284623
289 90 1083284879
292 386 1083285399
324 392 1083285534
392 38 1083285834
103 335 1083285960
12 36 1083286295
316 175 1083286671
281 215 1083286676
74 144 1083286808
413 8 1083286816
12 324 1083286901
371 8 1083286970
79 103 1083287228
343 63 1083287250
76 400 1083287405
175 52 1083287781
41 66 1083287821
223 339 1083288050
204 321 1083288081
181 429 1083288140
398 130 1083288399
308 375 1083288437
176 9 1083288461
496 425 1083288584
56 9 1083288593
335 400 1083288609
398 407 1083288635
324 103 1083288783
144 334 1083288982
136 368 1083289317
135 20 1083289360
389 46 1083289361
281 51 1083289388
63 277 1083289393
204 48 1083289554
400 34 1083289697
378 204 1083289768
175 31 1083289825
12 391 1083290164
204 396 1083290174
63 180 1083290211
95 460 1083290337
177 321 1083290424
461 281 1083290620
298 350 1083290707
312 176 1083290768
212 147 1083290879
297 100 1083290915
308 402 1083290933
44 281 1083290989
212 308 1083291046
222 254 1083291153
59 205 1083291237
378 52 1083291308
305 324 1083291317
281 6 1083291491
103 32 1083291951
62 20 1083292063
191 212 1083292085
19 6 1083292146
488 68 1083292222
368 323 1083292410
281 338 1083292464
365 103 1083292473
127 48 1083292479
392 129 1083292560
281 260 1083292655
321 13 1083292740
91 389 1083292976
32 405 1083293041
6 378 1083293157
228 204 1083293194
9 378 1083293215
302 249 1083293313
8 405 1083293319
62 191 1083293327
378 372 1083293334
298 193 1083293365
41 32 1083293399
84 368 1083293460
194 395 1083293579
254 325 1083293695
321 405 1083293733
128 144 1083293851
8 335 1083293855
1 366 1083293880
245 266 1083293907
389 12 1083293908
368 358 1083293987
52 103 1083294056
483 72 1083294085
68 254 1083294124
51 475 1083294137
316 317 1083294155
479 41 1083294158
176 372 1083294176
325 324 1083294188
479 368 1083294219
191 9 1083294245
38 166 1083294290
19 229 1083294391
50 399 1083294431
373 109 1083294446
9 280 1083294488
460 378 1083294641
263 44 1083294661
483 48 1083294725
347 302 1083294761
266 88 1083294866
299 323 1083294870
215 19 1083294946
38 399 1083294976
12 32 1083294977
211 321 1083295015
127 63 1083295120
409 446 1083295131
143 378 1083295195
248 168 1083295254
329 9 1083295271
400 460 1083295290
303 357 1083295291
422 260 1083295318
228 44 1083295323
281 432 1083295337
32 236 1083295339
387 403 1083295361
281 62 1083295379
191 68 1083295558
51 259 1083295567
303 387 1083295682
466 392 1083295690
386 88 1083295732
8 249 1083295739
30 227 1083295758
247 254 1083295791
95 175 1083295815
288 175 1083295892
38 263 1083296018
389 368 1083296277
414 308 1083296296
41 378 1083296438
212 398 1083296557
9 274 1083296694
289 392 1083296804
313 424 1083296911
324 101 1083297062
74 36 1083297262
301 41 1083297415
409 212 1083297546
69 317 1083297847
409 308 1083297898
32 362 1083297932
472 378 1083297990
254 420 1083298139
69 325 1083298209
144 349 1083298291
6 9 1083298347
51 103 1083298378
41 314 1083298558
41 260 1083298874
51 236 1083298944
64 101 1083298982
129 70 1083299052
201 337 1083299196
456 41 1083299479
502 6 1083299659
228 236 1083299824
3 406 1083299898
323 398 1083299971
316 308 1083300012
140 262 1083300115
6 502 1083300189
396 8 1083300240
299 350 1083300288
389 65 1083300336
212 63 1083300341
281 48 1083300380
51 368 1083300438
9 323 1083300539
335 372 1083300603
378 103 1083300616
411 51 1083300644
400 193 1083300645
296 321 1083300769
324 48 1083300794
221 41 1083300797
67 324 1083300869
252 281 1083300902
306 134 1083300935
313 75 1083300944
483 409 1083300975
260 308 1083301076
208 398 1083301090
220 372 1083301131
302 185 1083301163
6 316 1083301192
335 212 1083301278
182 260 1083301289
368 131 1083301325
174 479 1083301329
103 62 1083301350
389 212 1083301388
88 465 1083301390
36 97 1083301408
84 368 1083301452
277 34 1083301509
191 103 1083301541
32 36 1083301618
68 56 1083301811
379 239 1083301862
6 282 1083302027
299 281 1083302080
63 457 1083302094
176 26 1083302387
349 344 1083302444
321 303 1083302546
48 317 1083302880
396 193 1083303087
323 68 1083303115
36 63 1083303192
317 260 1083303493
184 51 1083303878
281 112 1083303906
184 102 1083303935
276 155 1083303940
242 204 1083303968
254 220 1083303968
405 177 1083304156
282 105 1083304182
398 36 1083304262
34 477 1083304285
51 355 1083304390
275 62 1083304438
424 60 1083304457
12 103 1083304513
463 105 1083304600
67 321 1083304647
103 9 1083304662
429 324 1083304667
9 6 1083304671
365 109 1083304699
50 281 1083304744
483 389 1083304776
316 481 1083304793
335 176 1083304806
281 177 1083304815
389 191 1083304945
215 8 1083304971
239 266 1083305067
127 212 1083305133
41 357 1083305358
38 359 1083305492
175 315 1083305713
349 263 1083305780
204 359 1083305797
247 34 1083305835
95 41 1083305837
48 499 1083305926
95 63 1083305935
48 175 1083305961
204 215 1083305995
175 9 1083306082
358 41 1083306087
313 281 1083306434
233 432 1083306457
9 212 1083306477
309 393 1083306505
372 222 1083306644
20 168 1083306677
484 323 1083306726
431 400 1083306727
281 191 1083306764
254 463 1083306788
36 357 1083306794
315 313 1083306810
389 376 1083306877
119 38 1083306911
365 263 1083307008
19 198 1083307015
316 481 1083307041
52 317 1083307044
277 281 1083307114
41 263 1083307320
365 9 1083307498
88 266 1083307616
359 263 1083307725
95 175 1083307908
105 248 1083308148
335 52 1083308166
291 48 1083308300
41 405 1083308358
426 481 1083308512
209 175 1083308576
63 357 1083308579
321 407 1083308580
480 53 1083308615
179 101 1083308624
175 236 1083308667
220 263 1083308770
321 176 1083308809
263 48 1083308869
193 263 1083308905
62 8 1083308939
41 36 1083308943
221 352 1083309112
177 335 1083309115
323 193 1083309252
48 199 1083309284
329 62 1083309314
128 48 1083309325
193 416 1083309363
337 34 1083309393
6 263 1083309399
311 92 1083309421
398 210 1083309554
221 36 1083309568
405 281 1083309582
317 88 1083309592
365 32 1083309603
95 63 1083309630
236 88 1083309673
396 50 1083309690
52 32 1083309725
191 391 1083309763
378 281 1083309822
63 44 1083309829
36 317 1083309866
191 317 1083309930
400 260 1083309948
212 496 1083310002
168 317 1083310014
335 386 1083310096
405 392 1083310115
260 368 1083310132
69 212 1083310150
316 323 1083310305
340 63 1083310311
32 359 1083310326
74 184 1083310383
58 372 1083310483
389 421 1083310529
185 34 1083310555
51 74 1083310587
372 300 1083310597
372 9 1083310677
6 411 1083310709
72 308 1083310816
175 317 1083310870
311 144 1083310959
204 281 1083310976
8 135 1083311178
335 400 1083311184
3 99 1083311200
332 140 1083311250
189 32 1083311281
36 281 1083311302
133 429 1083311312
63 191 1083311318
105 396 1083311337
316 400 1083311345
409 495 1083311364
124 48 1083311403
288 19 1083311423
62 97 1083311452
161 189 1083311485
67 323 1083311606
32 398 1083311619
72 400 1083311647
396 297 1083311662
357 6 1083311738
32 176 1083311791
503 204 1083311793
8 51 1083311809
277 14 1083311818
335 99 1083311833
19 78 1083311923
63 463 1083311949
398 63 1083311952
8 288 1083311973
9 105 1083311994
48 323 1083312129
294 496 1083312133
221 335 1083312164
63 315 1083312240
120 92 1083312365
63 46 1083312429
392 52 1083312506
48 400 1083312526
431 139 1083312543
220 249 1083312554
263 199 1083312561
75 119 1083312570
184 398 1083312583
186 9 1083312587
297 496 1083312600
321 308 1083312628
19 302 1083312632
56 97 1083312663
260 233 1083312764
176 407 1083312772
355 19 1083312776
392 308 1083312838
96 103 1083312840
263 12 1083312846
212 62 1083312877
378 175 1083312930
131 332 1083312936
32 302 1083312978
175 325 1083312979
469 44 1083312999
372 62 1083313011
335 396 1083313081
51 321 1083313083
323 9 1083313144
88 392 1083313148
296 6 1083313184
329 393 1083313196
413 372 1083313268
372 204 1083313325
291 204 1083313329
52 378 1083313370
185 242 1083313392
19 62 1083313408
216 332 1083313410
41 204 1083313420
90 193 1083313436
50 429 1083313499
103 34 1083313502
271 281 1083313502
254 36 1083313547
464 472 1083313581
6 144 1083313586
52 368 1083313590
396 281 1083313591
185 175 1083313598
405 281 1083313612
146 144 1083313628
155 355 1083313645
164 335 1083313678
281 8 1083313711
194 327 1083313720
63 373 1083313729
51 365 1083313737
417 396 1083313760
372 399 1083313785
254 36 1083313806
72 302 1083313808
288 32 1083313836
279 9 1083313860
175 335 1083313868
215 496 1083313877
63 429 1083313911
409 400 1083313916
358 32 1083313920
409 502 1083313924
50 300 1083313937
349 389 1083313961
174 184 1083313967
378 41 1083313981
96 72 1083313988
154 355 1083313996
177 103 1083314001
50 58 1083314003
317 48 1083314004
263 74 1083314012
41 413 1083314013
48 281 1083314029
365 176 1083314030
392 463 1083314042
36 32 1083314057
273 271 1083314100
60 211 1083314105
168 69 1083314114
228 309 1083314115
324 63 1083314115
67 332 1083314151
212 409 1083314154
32 144 1083314176
144 236 1083314225
368 323 1083314229
494 41 1083314254
310 394 1083314264
373 465 1083314306
19 48 1083314311
190 176 1083314313
63 101 1083314333
365 86 1083314364
325 185 1083314390
208 52 1083314408
38 6 1083314424
302 32 1083314455
334 92 1083314502
373 82 1083314545
406 177 1083314553
311 396 1083314596
308 72 1083314626
103 220 1083314692
72 74 1083314706
62 52 1083314742
288 101 1083314781
323 220 1083314788
318 323 1083314790
236 61 1083314803
129 214 1083314852
288 103 1083314864
88 472 1083314867
27 324 1083314890
44 212 1083314895
365 220 1083314910
19 67 1083314919
308 311 1083314968
263 32 1083314977
6 236 1083315040
314 185 1083315049
149 379 1083315060
51 8 1083315068
185 9 1083315076
349 220 1083315097
204 377 1083315125
376 398 1083315134
308 176 1083315150
392 201 1083315165
44 227 1083315178
180 368 1083315196
52 199 1083315238
32 386 1083315249
365 297 1083315326
308 221 1083315520
368 333 1083315541
101 372 1083315557
193 496 1083315587
63 378 1083315692
1 32 1083315742
67 308 1083315791
51 48 1083315804
134 62 1083315817
338 316 1083315828
429 36 1083315860
6 376 1083315869
321 12 1083315908
97 9 1083315948
175 396 1083315949
103 174 1083315982
405 41 1083316013
372 177 1083316091
400 204 1083316174
74 103 1083316217
372 294 1083316241
323 191 1083316330
278 234 1083316365
398 372 1083316390
201 308 1083316416
234 372 1083316429
176 194 1083316438
214 289 1083316444
38 44 1083316476
32 321 1083316506
402 202 1083316522
308 52 1083316555
164 176 1083316624
75 185 1083316636
63 335 1083316686
140 176 1083316707
212 321 1083316711
396 103 1083316714
79 431 1083316716
62 392 1083316732
124 88 1083316750
38 263 1083316802
41 38 1083316803
392 103 1083316808
145 63 1083316841
220 372 1083316862
132 48 1083316863
101 324 1083316914
41 38 1083316917
358 9 1083316924
388 32 1083316931
48 36 1083316936
175 282 1083316980
9 175 1083316994
88 317 1083317016
29 316 1083317020
359 325 1083317022
288 9 1083317029
194 9 1083317062
220 38 1083317065
378 368 1083317087
84 289 1083317111
192 32 1083317125
175 211 1083317127
103 394 1083317129
32 390 1083317154
254 109 1083317156
289 103 1083317200
236 72 1083317240
124 378 1083317248
72 254 1083317252
67 389 1083317301
189 342 1083317358
254 398 1083317370
19 398 1083317424
398 405 1083317428
175 460 1083317449
263 36 1083317456
235 74 1083317535
307 109 1083317550
103 220 1083317569
32 6 1083317585
308 434 1083317606
63 27 1083317641
368 36 1083317646
306 319 1083317696
120 355 1083317734
323 311 1083317748
220 263 1083317749
48 368 1083317776
324 79 1083317863
212 86 1083317956
378 403 1083317996
9 358 1083318019
32 392 1083318048
63 281 1083318077
447 297 1083318166
281 6 1083318184
319 396 1083318196
482 254 1083318209
181 175 1083318226
184 166 1083318229
480 281 1083318240
308 176 1083318247
175 8 1083318306
103 335 1083318377
323 90 1083318409
210 144 1083318425
323 79 1083318493
308 376 1083318551
425 281 1083318600
465 109 1083318601
36 308 1083318668
228 98 1083318750
86 263 1083318781
447 176 1083318785
324 168 1083318800
211 6 1083318830
184 34 1083318885
405 281 1083318946
420 158 1083318947
368 236 1083319066
174 36 1083319086
389 27 1083319129
372 59 1083319168
316 8 1083319273
329 212 1083319352
307 211 1083319403
463 324 1083319430
352 168 1083319431
176 48 1083319520
204 325 1083319564
321 9 1083319638
32 294 1083319664
74 376 1083319677
308 164 1083319774
19 63 1083319837
121 12 1083319909
270 6 1083320000
214 474 1083320013
335 176 1083320043
309 160 1083320047
319 177 1083320169
19 389 1083320170
74 307 1083320191
9 321 1083320217
63 185 1083320298
263 281 1083320315
345 395 1083320328
32 260 1083320411
281 235 1083320444
58 431 1083320493
72 214 1083320594
374 103 1083320640
48 378 1083320729
297 9 1083320758
65 254 1083320807
405 303 1083320832
368 75 1083320838
124 212 1083320843
319 393 1083320847
308 193 1083320854
72 321 1083320892
74 302 1083320896
336 368 1083320914
335 396 1083320941
321 41 1083320958
176 323 1083320966
175 303 1083321000
26 32 1083321034
19 48 1083321071
3 297 1083321084
177 220 1083321107
409 303 1083321108
191 233 1083321208
236 175 1083321308
288 323 1083321318
429 376 1083321319
308 32 1083321335
252 74 1083321354
260 63 1083321361
281 103 1083321375
400 104 1083321389
323 400 1083321414
41 9 1083321424
323 96 1083321502
51 118 1083321549
174 124 1083321551
372 184 1083321570
144 400 1083321618
260 212 1083321630
155 372 1083321647
467 8 1083321664
212 124 1083321667
44 212 1083321677
405 365 1083321682
9 479 1083321686
69 34 1083321711
323 333 1083321778
308 101 1083321822
429 133 1083321836
472 368 1083321865
51 172 1083321901
365 355 1083321938
267 214 1083321941
19 316 1083321987
303 62 1083322000
30 176 1083322006
501 60 1083322031
58 529 1083322034
72 398 1083322088
236 41 1083322153
437 299 1083322167
84 32 1083322178
176 113 1083322219
9 392 1083322282
405 44 1083322381
168 423 1083322392
303 409 1083322506
236 349 1083322650
414 316 1083322745
228 48 1083322840
72 351 1083322845
316 95 1083322884
58 282 1083322898
63 53 1083323008
34 32 1083323039
492 63 1083323116
263 308 1083323168
313 34 1083323222
41 429 1083323241
281 344 1083323301
34 124 1083323308
316 281 1083323367
496 343 1083323406
7 264 1083323418
174 333 1083323429
101 329 1083323442
6 140 1083323486
34 316 1083323488
277 215 1083323501
103 316 1083323507
228 392 1083323519
368 281 1083323519
263 392 1083323554
132 6 1083323590
389 191 1083323602
12 97 1083323702
454 475 1083323712
144 8 1083323716
44 168 1083323779
389 407 1083323785
32 66 1083323817
124 332 1083323831
155 297 1083323848
376 372 1083323927
396 345 1083324003
337 73 1083324033
103 323 1083324034
62 277 1083324048
483 159 1083324094
109 97 1083324156
48 236 1083324174
80 34 1083324233
256 386 1083324234
324 105 1083324264
277 109 1083324282
263 466 1083324298
317 413 1083324319
124 204 1083324379
51 483 1083324380
176 281 1083324394
228 52 1083324413
63 9 1083324443
263 53 1083324474
289 50 1083324489
368 409 1083324513
294 332 1083324527
372 405 1083324546
440 220 1083324587
297 51 1083324605
343 212 1083324634
69 204 1083324651
19 425 1083324661
389 191 1083324691
288 497 1083324730
399 194 1083324731
12 101 1083324795
155 212 1083324796
41 405 1083324803
333 191 1083324846
372 103 1083324849
386 51 1083324869
368 236 1083324873
202 236 1083324969
74 316 1083324988
309 430 1083325025
90 392 1083325027
254 190 1083325041
9 231 1083325072
299 19 1083325116
372 429 1083325151
368 299 1083325166
321 67 1083325194
373 168 1083325241
310 289 1083325245
335 215 1083325251
201 335 1083325292
73 372 1083325323
437 180 1083325331
254 102 1083325332
321 368 1083325359
75 379 1083325405
48 308 1083325426
218 303 1083325439
155 60 1083325441
308 149 1083325464
128 34 1083325478
181 281 1083325489
63 400 1083325495
48 378 1083325517
337 405 1083325518
8 501 1083325547
212 396 1083325557
12 38 1083325585
103 95 1083325596
302 281 1083325658
9 101 1083325662
161 99 1083325710
101 156 1083325775
272 60 1083325935
365 177 1083326040
324 335 1083326439
317 437 1083326466
340 21 1083326558
32 316 1083326757
313 405 1083326906
311 153 1083327170
291 56 1083327231
191 413 1083327755
63 44 1083328184
321 396 1083328922
58 8 1083329343
175 62 1083329363
212 103 1083329391
221 405 1083329403
108 368 1083329436
335 233 1083329623
6 88 1083333640
211 308 1083337683
321 419 1083342467
405 60 1083344234
50 36 1083344445
400 9 1083345312
51 314 1083345755
6 306 1083345802
38 289 1083346279
263 321 1083347033
281 6 1083347079
396 41 1083347095
34 48 1083347118
191 297 1083347161
88 95 1083347189
185 68 1083347328
19 316 1083347471
348 95 1083348547
281 175 1083348827
423 308 1083349446
86 6 1083349471
6 254 1083349493
323 103 1083349494
427 428 1083349516
6 392 1083349545
209 6 1083349593
472 372 1083349621
307 236 1083349636
321 32 1083349660
175 289 1083349691
41 332 1083349954
297 9 1083349979
429 357 1083350157
270 299 1083350205
51 103 1083350271
47 252 1083350293
51 344 1083350326
389 263 1083350462
299 482 1083350477
376 371 1083350606
175 289 1083350618
316 109 1083350747
105 51 1083350766
277 41 1083350807
308 204 1083351004
189 144 1083351078
368 263 1083351372
109 212 1083351830
439 396 1083352164
68 335 1083352438
335 263 1083352444
177 344 1083352478
413 308 1083352647
53 316 1083352800
6 437 1083352801
72 211 1083352807
62 254 1083352945
303 96 1083353286
68 175 1083353384
392 323 1083353593
27 367 1083353747
6 97 1083353804
357 44 1083354018
52 316 1083354339
63 41 1083354503
335 308 1083354806
193 8 1083354838
6 18 1083354987
335 135 1083355057
97 260 1083355214
429 396 1083355309
9 472 1083355579
323 281 1083355681
383 212 1083355729
41 19 1083355827
34 32 1083356085
287 315 1083356181
233 96 1083356219
74 209 1083356345
172 357 1083356462
314 254 1083356545
177 44 1083356634
74 321 1083356924
228 59 1083357006
318 297 1083357053
323 372 1083357160
283 302 1083358463
144 392 1083358713
44 191 1083358855
98 36 1083358864
469 288 1083358885
311 288 1083358947
79 44 1083359029
414 286 1083359133
260 329 1083359145
263 342 1083359189
97 371 1083359230
63 323 1083359274
211 63 1083359292
105 372 1083359301
281 135 1083359352
48 212 1083359421
212 475 1083359473
74 396 1083359521
133 389 1083359533
103 175 1083359571
400 12 1083359592
344 132 1083359610
368 6 1083359620
101 308 1083359662
175 263 1083359796
34 142 1083359871
263 359 1083360329
176 9 1083360333
9 74 1083360347
38 311 1083360559
193 375 1083360608
286 272 1083361240
319 36 1083361503
400 215 1083361663
233 8 1083361686
191 175 1083361762
314 497 1083362027
36 277 1083362077
323 321 1083362141
389 260 1083362319
63 254 1083362438
38 177 1083362610
41 48 1083362722
368 357 1083362860
286 321 1083362953
41 63 1083362973
194 321 1083363028
41 175 1083363126
323 392 1083363294
211 48 1083363295
344 311 1083363410
248 9 1083363467
9 302 1083363467
281 466 1083363513
502 176 1083363532
212 177 1083363572
86 263 1083363628
288 62 1083363691
48 344 1083363692
68 177 1083363693
41 221 1083363780
41 38 1083363985
165 51 1083364142
236 463 1083364175
355 372 1083364215
152 41 1083364245
323 124 1083364769
491 316 1083365281
51 103 1083365356
263 51 1083365387
260 414 1083365435
263 323 1083365527
263 321 1083365539
313 378 1083365562
23 402 1083365601
175 32 1083365636
321 204 1083365702
429 453 1083365789
27 176 1083365808
324 204 1083365820
72 321 1083365831
9 184 1083365860
19 335 1083365928
175 9 1083365941
191 313 1083365954
211 48 1083365962
220 41 1083365967
484 260 1083365974
68 329 1083366022
36 368 1083366146
303 174 1083366154
211 129 1083366176
266 281 1083366212
51 388 1083366252
340 36 1083366267
101 181 1083366338
281 188 1083366409
288 400 1083366417
289 236 1083366464
48 277 1083366482
50 149 1083366488
34 97 1083366569
409 177 1083366655
316 124 1083366699
41 155 1083366835
8 180 1083366869
58 212 1083366883
128 281 1083366912
263 128 1083366953
91 308 1083366972
164 184 1083367234
51 96 1083367358
149 263 1083367560
413 399 1083367654
281 88 1083367695
60 172 1083367719
9 3 1083367816
392 34 1083367829
34 454 1083367866
396 175 1083367874
12 469 1083368202
63 289 1083368209
100 41 1083368353
502 9 1083368629
154 288 1083368664
263 396 1083368707
161 84 1083368742
459 97 1083368757
359 7 1083368985
368 479 1083369119
12 398 1083369266
429 193 1083369283
465 128 1083369720
215 409 1083369736
239 409 1083369796
311 31 1083369836
405 6 1083369913
378 281 1083369943
161 128 1083370207
333 368 1083370347
103 44 1083370813
372 288 1083370916
368 391 1083371092
368 44 1083371200
212 176 1083371209
465 335 1083371301
254 258 1083371496
96 48 1083371920
196 211 1083372099
429 220 1083372535
8 289 1083372650
303 260 1083373569
62 263 1083373718
103 321 1083373723
475 103 1083373791
95 324 1083373870
228 429 1083374156
308 396 1083374740
51 88 1083374861
263 9 1083375076
41 97 1083375114
212 332 1083375115
112 297 1083375292
163 367 1083375357
211 297 1083375527
294 368 1083375812
388 267 1083375868
303 464 1083375874
277 177 1083376059
342 51 1083376120
34 32 1083376202
204 359 1083376234
41 317 1083376431
8 41 1083376511
27 177 1083376535
349 99 1083376596
145 177 1083376691
204 316 1083376810
386 359 1083376820
263 177 1083377066
396 175 1083377106
368 392 1083377310
135 329 1083377313
454 72 1083377948
349 199 1083378007
9 184 1083379055
19 103 1083379649
300 254 1083380009
317 365 1083380818
263 51 1083381158
36 254 1083381354
460 392 1083381542
211 419 1083381556
9 302 1083381570
368 56 1083381925
519 282 1083381932
325 212 1083382071
32 125 1083382740
124 398 1083382828
474 101 1083382892
472 101 1083383179
220 32 1083383211
281 317 1083384365
105 56 1083384499
