149 150 1082040961
339 352 1082040961
5 50 1082040961
16 160 1082155839
189 19 1082439619
231 233 1082439619
80 82 1082439619
421 423 1082440403
242 185 1082440453
106 107 1082441188
286 288 1082441188
135 136 1082442328
476 282 1082442328
504 506 1082442560
325 326 1082450074
369 370 1082450243
529 53 1082467089
19 190 1082481125
81 83 1082490240
232 234 1082504083
218 219 1082517506
272 273 1082517511
315 317 1082517511
408 409 1082517511
451 453 1082517511
136 137 1082517513
505 507 1082517513
165 166 1082518023
57 59 1082525718
355 522 1082530949
399 40 1082530949
219 22 1082539557
262 264 1082540354
438 439 1082540462
452 454 1082540462
111 112 1082541442
481 483 1082541442
301 302 1082574211
345 347 1082576344
166 309 1082583700
58 6 1082583700
195 196 1082585468
209 210 1082585468
385 386 1082588222
520 521 1082588222
87 89 1082588222
249 25 1082588508
428 43 1082588508
112 113 1082589483
292 294 1082589483
468 469 1082596555
482 484 1082596555
141 257 1082597715
302 303 1082598395
510 512 1082598765
331 332 1082598920
375 377 1082598920
196 197 1082599072
386 387 1082599072
414 415 1082599072
429 430 1082599072
88 9 1082599072
458 128 1082600068
142 143 1082600787
279 28 1082600787
511 39 1082602619
498 499 1082602668
171 172 1082602682
332 333 1082602700
63 65 1082602838
361 362 1082603068
404 406 1082603068
225 226 1082603179
415 416 1082603179
459 460 1082603179
444 445 1082603268
488 49 1082603514
308 309 1082603571
499 5 1082603649
172 173 1082603681
64 66 1082604696
362 363 1082607167
391 392 1082607167
527 528 1082607167
93 95 1082607167
255 256 1082607289
445 446 1082608354
119 12 1082608405
489 490 1082608509
474 475 1082609249
309 31 1082609649
338 339 1082609719
528 529 1082610114
201 202 1082610294
94 96 1082610332
392 393 1082610339
435 437 1082610339
285 286 1082612122
420 421 1082612122
149 15 1082612494
475 476 1082612494
503 504 1082612618
518 341 1082612618
179 180 1082612947
339 34 1082613371
368 369 1082613466
231 232 1082613910
80 81 1082613910
261 263 1082614035
421 422 1082614388
465 467 1082614477
125 127 1082616085
286 287 1082616085
450 451 1082616085
314 315 1082616359
344 346 1082616359
504 505 1082616735
70 72 1082617666
208 21 1082619196
369 37 1082619271
398 399 1082619271
291 293 1082619833
451 452 1082620003
155 7 1082620032
480 481 1082620032
315 316 1082620231
374 376 1082620231
57 58 1082620509
238 24 1082620689
399 4 1082620689
427 428 1082620950
101 103 1082621459
262 263 1082621518
320 322 1082621760
481 482 1082621760
185 187 1082621825
345 346 1082621825
403 405 1082621825
239 240 1082621981
268 27 1082622201
87 88 1082622201
131 133 1082622904
292 293 1082622904
428 429 1082622904
321 323 1082623289
350 118 1082623664
186 188 1082624060
510 511 1082624060
214 216 1082624449
375 153 1082624449
269 270 1082624696
118 318 1082627395
298 3 1082627395
458 459 1082627395
161 163 1082629573
351 353 1082629573
380 382 1082630520
215 217 1082630976
200 201 1082631193
63 64 1082631289
244 246 1082631600
404 405 1082631611
108 497 1082631973
284 285 1082631973
299 30 1082631973
327 329 1082631973
434 436 1082631973
488 19 1082637588
148 411 1082640108
517 519 1082640108
191 193 1082653516
381 383 1082653683
93 94 1082653683
245 247 1082654051
230 231 1082654503
274 276 1082654817
138 19 1082656071
328 112 1082656071
464 466 1082656071
178 179 1082659895
192 194 1082659895
357 359 1082659895
7 71 1082660940
220 222 1082661553
275 277 1082661553
410 412 1082661553
260 449 1082662461
124 125 1082662716
168 17 1082662716
303 459 1082662716
494 496 1082662716
179 18 1082662740
221 223 1082662740
358 36 1082662740
207 208 1082663507
250 252 1082663676
440 442 1082663676
261 262 1082663773
304 306 1082663773
125 126 1082664575
169 170 1082664609
333 335 1082664609
154 61 1082665970
495 497 1082665970
523 525 1082666210
344 345 1082666706
388 39 1082666706
208 270 1082667839
237 238 1082669430
251 161 1082669430
100 101 1082670352
441 443 1082670352
470 472 1082670688
155 156 1082670704
291 292 1082670704
334 336 1082670704
524 526 1082670775
184 185 1082670949
199 20 1082670949
76 78 1082671996
374 375 1082672710
238 239 1082676222
281 283 1082676222
417 419 1082676222
101 102 1082677446
471 473 1082677532
145 147 1082678664
130 131 1082680218
457 521 1082680218
320 321 1082680998
50 501 1082680998
364 296 1082681628
185 186 1082681912
228 23 1082682026
77 79 1082682026
213 324 1082682332
418 42 1082684146
403 404 1082685268
447 449 1082685511
107 109 1082685691
268 269 1082685691
310 312 1082685725
131 132 1082686656
487 488 1082686656
500 375 1082686656
160 161 1082687241
53 54 1082687241
350 351 1082688025
394 396 1082688025
214 215 1082688404
243 244 1082688404
433 434 1082688404
448 45 1082688404
477 479 1082689042
137 139 1082689139
298 299 1082691496
161 162 1082692204
340 342 1082692204
530 55 1082692204
190 49 1082692215
380 381 1082692215
395 406 1082692215
82 84 1082692215
423 425 1082692567
244 245 1082692654
434 435 1082693359
108 109 1082693580
463 169 1082693715
478 48 1082693715
327 328 1082693727
506 508 1082693727
191 44 1082694026
517 518 1082694026
381 382 1082694080
83 85 1082694080
41 410 1082694144
424 426 1082694144
113 115 1082694158
274 275 1082694158
464 465 1082695409
138 139 1082697472
371 373 1082698466
507 509 1082698466
357 358 1082701057
220 221 1082701256
7 70 1082701256
410 411 1082701459
454 456 1082701470
44 440 1082701484
114 116 1082701493
143 145 1082702454
303 304 1082702454
494 495 1082702454
168 169 1082702546
198 2 1082702617
358 359 1082702617
6 405 1082702617
387 388 1082702679
400 402 1082702679
250 251 1082702885
280 282 1082702885
440 441 1082702909
484 486 1082703229
62 55 1082703442
144 146 1082703489
333 334 1082704067
523 524 1082704560
9 91 1082704766
227 229 1082705521
388 389 1082705521
416 277 1082705521
12 121 1082705563
31 311 1082705768
470 356 1082705768
174 176 1082706733
334 335 1082706733
363 364 1082706737
393 395 1082706737
257 34 1082706844
76 77 1082706844
417 418 1082706986
446 447 1082706986
516 517 1082706986
120 122 1082707557
34 341 1082707684
50 500 1082710212
203 205 1082710304
364 365 1082710304
422 424 1082710599
258 26 1082710984
287 289 1082710984
447 448 1082711129
107 108 1082711211
150 280 1082711395
37 371 1082711395
204 403 1082712614
233 235 1082712614
394 395 1082712614
53 530 1082712614
288 29 1082712981
493 494 1082712981
316 318 1082713242
477 478 1082713344
137 138 1082713430
180 182 1082713772
340 341 1082713772
370 372 1082714356
234 236 1082714460
4 400 1082714460
22 220 1082715683
82 83 1082715683
263 265 1082716576
423 424 1082716576
453 455 1082716717
127 129 1082716899
317 319 1082716899
346 348 1082716941
181 183 1082716951
167 168 1082717349
21 211 1082717714
506 507 1082717714
47 470 1082717856
40 401 1082717927
59 60 1082717927
113 114 1082718139
264 266 1082718139
293 295 1082718139
483 485 1082718708
157 315 1082718758
347 349 1082718758
210 212 1082718927
376 378 1082718927
197 324 1082720154
89 90 1082720168
24 241 1082721036
103 105 1082741603
43 431 1082741603
294 296 1082742068
322 324 1082744110
158 16 1082745659
143 144 1082745815
187 189 1082745815
377 379 1082745815
512 514 1082745815
198 199 1082746385
405 407 1082747959
240 242 1082749262
27 271 1082749262
46 461 1082749354
144 145 1082749391
280 281 1082749391
323 325 1082749391
352 354 1082749400
188 19 1082749542
173 174 1082750770
65 67 1082750830
227 228 1082751284
270 272 1082751284
406 408 1082751284
12 120 1082751801
134 136 1082751801
3 300 1082751801
31 310 1082753565
49 491 1082753565
174 175 1082758516
217 219 1082758516
353 355 1082758516
382 384 1082758516
202 203 1082758968
66 68 1082760011
95 97 1082760011
393 394 1082760681
436 438 1082760681
257 258 1082761826
30 301 1082761826
120 121 1082762898
164 166 1082763520
15 150 1082763674
519 520 1082763674
34 340 1082764006
383 385 1082764006
203 238 1082768279
96 98 1082768279
247 249 1082768523
422 423 1082768523
466 475 1082768576
287 288 1082768729
150 487 1082768765
33 331 1082768765
18 180 1082770262
25 250 1082770262
52 521 1082770262
37 370 1082773348
71 45 1082773348
412 414 1082773642
233 234 1082773711
126 127 1082773798
277 279 1082773798
496 498 1082773798
156 158 1082773829
316 317 1082773829
180 181 1082773864
36 361 1082773864
28 280 1082777620
72 74 1082778734
102 104 1082781105
4 40 1082781105
442 444 1082781105
127 128 1082782364
263 264 1082782364
226 227 1082782472
132 134 1082782510
21 210 1082782510
346 347 1082782510
497 499 1082782510
525 527 1082782510
59 6 1082782510
293 494 1082782564
157 158 1082782768
483 484 1082782768
256 449 1082782821
376 377 1082782914
526 528 1082782914
78 8 1082782914
89 9 1082782926
24 240 1082783260
103 104 1082783365
133 135 1082784142
473 475 1082784142
162 164 1082785151
322 323 1082785541
187 188 1082787836
512 421 1082787836
79 136 1082787836
216 218 1082788102
109 24 1082788143
405 406 1082788143
476 477 1082788143
232 233 1082789132
27 270 1082789132
46 460 1082789132
502 504 1082789317
81 82 1082789421
163 165 1082789902
246 248 1082789993
352 353 1082789993
65 66 1082789993
11 111 1082790172
505 506 1082790172
139 140 1082790887
3 30 1082790887
329 330 1082790969
49 490 1082790969
193 195 1082791017
55 57 1082791017
382 383 1082791077
452 453 1082791077
95 96 1082791153
209 21 1082791166
276 278 1082791166
436 437 1082791248
58 59 1082791248
14 141 1082791336
222 224 1082791336
359 360 1082791336
482 483 1082791336
519 52 1082791336
115 494 1082791356
305 307 1082791358
466 413 1082791358
88 487 1082791450
17 171 1082791473
429 43 1082791505
252 254 1082791516
412 413 1082791516
71 72 1082791516
511 512 1082791575
116 118 1082791592
306 308 1082791613
335 337 1082791703
496 497 1082791719
156 157 1082791745
2 200 1082791770
459 46 1082791770
253 255 1082791774
39 391 1082791774
282 284 1082791796
442 443 1082791796
102 103 1082791813
472 514 1082791813
146 148 1082791825
64 65 1082791841
336 338 1082791868
1 99 1082791906
365 399 1082791920
525 526 1082791920
229 230 1082792036
489 49 1082792059
283 285 1082792284
419 420 1082792284
311 313 1082792495
94 95 1082792551
132 275 1082792614
176 178 1082792629
501 474 1082792629
435 436 1082792639
366 368 1082792720
78 79 1082792724
259 260 1082792871
518 519 1082792871
122 124 1082792890
449 302 1082792890
162 163 1082792912
312 314 1082792912
341 343 1082792912
411 413 1082792912
205 207 1082793033
465 466 1082793033
54 56 1082793033
396 398 1082793068
216 217 1082793085
26 261 1082793085
289 290 1082793101
70 71 1082793101
109 11 1082793170
342 344 1082793170
479 480 1082793170
84 86 1082793170
235 237 1082793174
246 247 1082793357
425 427 1082793357
29 291 1082793490
389 390 1082793513
318 32 1082793526
139 14 1082793558
508 51 1082793558
329 33 1082793622
372 374 1082793622
236 238 1082793781
239 24 1082793787
276 277 1082793787
319 149 1082793787
455 457 1082793787
359 36 1082793881
60 62 1082793881
222 223 1082794070
321 322 1082794070
401 403 1082794070
266 268 1082794114
115 116 1082794174
186 187 1082794174
485 487 1082794174
305 62 1082794244
269 75 1082794283
349 350 1082794283
212 148 1082794329
431 433 1082794400
90 92 1082794400
252 253 1082794526
296 298 1082794637
351 328 1082794637
215 216 1082794657
514 516 1082794697
335 336 1082794747
379 380 1082794747
2 20 1082794802
299 3 1082794802
121 123 1082794873
282 283 1082794873
461 463 1082794873
245 246 1082794917
1 98 1082795011
67 69 1082795045
365 366 1082795074
229 23 1082795084
328 329 1082795092
192 193 1082795137
491 493 1082795176
311 312 1082795183
176 177 1082795272
275 100 1082795293
259 26 1082795363
152 154 1082795417
221 222 1082795417
205 206 1082795610
341 342 1082795610
411 365 1082795610
304 305 1082795631
495 496 1082795788
1 100 1082795805
169 17 1082795805
289 29 1082795899
251 252 1082796000
182 184 1082796103
441 442 1082796103
84 85 1082796121
235 236 1082796413
265 267 1082796413
129 130 1082796466
199 2 1082796466
524 251 1082796466
318 319 1082796748
389 39 1082796748
211 213 1082796780
281 282 1082796780
74 76 1082796780
145 146 1082797139
471 472 1082797139
175 177 1082797141
295 297 1082797141
228 229 1082797151
77 78 1082797165
159 160 1082797326
418 419 1082797326
60 61 1082797326
241 243 1082797493
310 31 1082797493
500 501 1082797493
105 107 1082797577
324 326 1082797577
151 153 1082797717
189 190 1082797717
448 449 1082797717
90 260 1082797734
271 273 1082797735
530 54 1082797758
97 99 1082797758
135 137 1082797849
395 396 1082797849
514 515 1082797958
218 22 1082798009
408 41 1082798009
478 42 1082798009
300 302 1082798153
121 122 1082798242
83 84 1082798242
165 167 1082798277
355 357 1082798385
424 425 1082798385
128 13 1082798407
67 68 1082798448
248 180 1082798456
507 508 1082798529
438 44 1082798706
111 113 1082798741
371 372 1082798741
491 492 1082798741
520 522 1082798741
195 197 1082798883
114 115 1082798922
385 387 1082798922
454 455 1082798922
141 143 1082799018
278 28 1082799018
348 35 1082799018
468 47 1082799018
6 60 1082799018
104 106 1082799073
331 333 1082799073
400 401 1082799073
430 432 1082799336
224 226 1082799344
484 485 1082799395
414 416 1082799492
513 515 1082799492
378 38 1082799495
171 203 1082799513
498 5 1082799513
9 90 1082799513
361 363 1082800356
254 256 1082800359
460 462 1082800359
444 446 1082800502
308 31 1082800641
407 409 1082800641
527 529 1082800641
391 393 1082800924
490 492 1082801641
354 356 1082802260
175 176 1082802278
474 476 1082802278
295 296 1082802380
338 34 1082802380
258 259 1082802402
420 422 1082802402
437 439 1082802402
285 287 1082802453
384 386 1082802555
204 205 1082802568
503 505 1082802568
324 325 1082802644
368 37 1082802655
288 289 1082802673
330 332 1082802673
467 469 1082802673
151 152 1082802716
271 272 1082802768
450 452 1082802768
370 371 1082802803
314 316 1082802914
413 415 1082802914
234 235 1082802940
453 454 1082802940
97 98 1082802940
317 318 1082803230
360 362 1082803230
398 4 1082803230
181 182 1082803503
480 482 1082803503
73 58 1082803503
300 301 1082805529
40 400 1082805994
443 445 1082807764
264 265 1082807780
307 309 1082807790
128 129 1082807799
427 85 1082807823
248 249 1082807847
210 211 1082808059
347 348 1082808059
390 392 1082808059
43 52 1082808059
294 231 1082808067
158 159 1082808071
337 339 1082808071
348 349 1082808071
278 279 1082808080
377 378 1082808080
42 421 1082808080
240 241 1082808088
430 431 1082808088
104 105 1082808093
224 225 1082808093
323 324 1082808108
188 189 1082808113
513 514 1082808113
8 81 1082808118
118 12 1082808131
378 379 1082808140
406 162 1082808145
270 271 1082813713
200 202 1082813753
134 135 1082814588
254 19 1082814588
460 461 1082814588
284 286 1082833362
353 354 1082833362
217 218 1082833487
66 67 1082833487
148 15 1082833945
407 399 1082833945
110 112 1082833992
30 300 1082833992
230 232 1082834275
164 165 1082835672
490 491 1082835672
56 58 1082835766
194 196 1082835825
354 355 1082836027
383 451 1082836177
96 97 1082836225
247 248 1082837518
178 18 1082838056
437 438 1082838056
140 142 1082838772
33 330 1082838772
260 262 1082838861
52 528 1082838861
86 88 1082839022
124 126 1082839444
223 225 1082839806
384 385 1082839806
277 278 1082839951
207 209 1082840582
467 468 1082840963
51 511 1082842693
170 172 1082844137
330 331 1082844540
36 360 1082844540
72 73 1082845340
154 156 1082846758
413 414 1082847002
117 119 1082847025
237 239 1082847025
497 498 1082847398
100 102 1082848269
20 201 1082848269
360 361 1082848269
73 74 1082848269
184 186 1082848309
147 149 1082848352
443 444 1082848352
307 8 1082848393
526 527 1082848393
457 459 1082848569
130 132 1082848608
23 231 1082848718
213 215 1082848743
390 391 1082848743
473 474 1082848843
133 134 1082848903
177 179 1082848944
337 338 1082848944
10 99 1082848965
367 369 1082849042
79 135 1082849042
487 489 1082849305
160 162 1082849598
42 420 1082849598
45 451 1082849598
123 371 1082849766
243 245 1082850049
313 315 1082850049
502 503 1082850176
163 164 1082850584
206 208 1082850713
433 435 1082850713
397 399 1082850895
190 192 1082851082
8 80 1082851082
11 110 1082851231
48 481 1082851231
153 155 1082851233
343 345 1082851282
55 56 1082851434
193 194 1082851605
463 465 1082851605
85 307 1082851910
426 428 1082851949
10 101 1082852027
110 111 1082852211
14 140 1082852211
290 292 1082852211
41 411 1082852340
183 185 1082852382
509 212 1082852382
373 375 1082852820
56 57 1082852820
194 195 1082853216
456 458 1082853352
32 321 1082853407
140 141 1082853560
17 170 1082853560
44 441 1082853560
61 400 1082853756
402 404 1082853870
86 87 1082853897
223 527 1082854150
116 117 1082854319
267 269 1082854319
387 389 1082854425
486 488 1082854425
306 307 1082854426
35 351 1082854527
51 510 1082854527
170 223 1082854539
62 64 1082854539
91 93 1082854637
253 254 1082854853
297 299 1082854853
39 390 1082854853
432 434 1082854853
117 118 1082854944
146 147 1082854961
472 473 1082854961
416 418 1082855027
336 337 1082855336
515 517 1082855336
38 381 1082855702
20 200 1082856217
92 94 1082856217
419 42 1082856808
283 284 1082856866
363 365 1082856866
462 464 1082856866
326 328 1082858085
147 148 1082858249
516 518 1082858249
366 367 1082858465
446 448 1082858465
501 353 1082858465
68 7 1082858465
409 410 1082858527
23 230 1082858589
273 275 1082858589
449 45 1082858779
122 406 1082859059
177 290 1082859471
312 313 1082859471
356 358 1082859471
492 494 1082859471
54 55 1082859521
69 70 1082859521
367 368 1082859852
396 397 1082859852
439 440 1082859948
26 260 1082859961
123 124 1082859979
45 450 1082859979
479 48 1082860379
493 495 1082860379
313 314 1082860934
521 523 1082861121
206 207 1082861421
342 343 1082861421
397 398 1082861739
425 426 1082862258
469 470 1082862258
22 488 1082863494
29 343 1082863494
153 154 1082864167
48 480 1082864167
508 509 1082864167
343 344 1082864976
522 524 1082865421
372 373 1082865495
85 86 1082865495
236 237 1082865816
10 100 1082865878
167 377 1082865878
426 427 1082866248
455 63 1082866401
13 131 1082866818
290 291 1082866818
47 471 1082866818
319 32 1082866991
509 51 1082867307
183 184 1082867532
75 77 1082867662
373 374 1082867874
401 402 1082867948
197 199 1082867986
266 267 1082867986
456 457 1082868321
5 500 1082868321
485 486 1082868333
16 161 1082870381
32 320 1082870736
349 35 1082872216
212 213 1082872324
61 62 1082872324
242 244 1082872392
402 403 1082872623
431 432 1082872623
106 108 1082874683
267 268 1082874683
296 297 1082875165
325 327 1082875666
486 487 1082876439
529 530 1082877117
19 191 1082877436
35 350 1082877436
379 38 1082877744
173 175 1082878073
91 92 1082878073
272 274 1082878605
432 433 1082878605
461 178 1082880535
136 188 1082881660
297 298 1082882709
219 220 1082882811
515 516 1082882811
38 402 1082882856
92 93 1082882877
202 204 1082882967
301 303 1082882967
462 463 1082883270
166 168 1082883520
326 327 1082884190
68 364 1082884190
15 151 1082884570
249 250 1082884570
409 41 1082884570
112 114 1082884650
273 274 1082884947
152 153 1082885499
196 198 1082885499
302 304 1082885499
492 493 1082885499
356 357 1082885579
386 388 1082885579
69 7 1082885579
98 99 1082885579
25 251 1082885637
18 181 1082885665
279 280 1082885727
1 10 1082885760
142 350 1082885760
439 345 1082885760
332 334 1082885764
521 522 1082885824
126 230 1082885851
182 183 1082885851
225 227 1082885872
28 281 1082885995
415 417 1082885995
129 13 1082886030
265 266 1082886030
469 298 1082886030
172 174 1082886054
499 50 1082886054
362 364 1082886083
522 523 1082886157
74 75 1082886172
226 228 1082886316
211 212 1082886336
255 257 1082886368
445 447 1082886421
119 174 1082886587
13 130 1082886587
309 310 1082886587
159 16 1082886610
201 203 1082886675
528 53 1082886675
392 394 1082886740
105 106 1082886758
241 242 1082886758
256 258 1082886758
75 76 1082886758
149 150 1082886835
339 352 1082886835
475 477 1082886835
16 160 1082886858
5 50 1082886858
189 19 1082886952
231 233 1082886952
80 82 1082886952
421 423 1082887056
242 185 1082887137
286 288 1082887212
106 107 1082887307
476 282 1082887443
135 136 1082887532
504 506 1082887532
325 326 1082887549
369 370 1082887579
529 53 1082887579
19 190 1082887603
81 83 1082887603
232 234 1082887678
218 219 1082888043
408 409 1082888220
272 273 1082888339
315 317 1082888339
451 453 1082888339
136 137 1082888392
505 507 1082888413
165 166 1082888536
57 59 1082888751
355 522 1082889054
399 40 1082889113
219 22 1082889149
262 264 1082889180
452 454 1082889235
111 112 1082889359
438 439 1082889359
301 302 1082889474
481 483 1082889474
166 309 1082889542
345 347 1082889542
58 6 1082889561
195 196 1082889610
209 210 1082889610
520 521 1082889643
87 89 1082889744
249 25 1082889746
385 386 1082889746
428 43 1082889746
292 294 1082889784
112 113 1082889800
468 469 1082889800
482 484 1082889800
141 257 1082889822
302 303 1082889856
331 332 1082889864
510 512 1082889864
375 377 1082889893
196 197 1082889910
386 387 1082889910
429 430 1082889910
88 9 1082889910
414 415 1082889911
458 128 1082889911
142 143 1082889944
279 28 1082889944
511 39 1082890000
171 172 1082890042
498 499 1082890042
332 333 1082890105
63 65 1082890453
361 362 1082890705
404 406 1082890779
225 226 1082890791
415 416 1082891353
444 445 1082891427
459 460 1082891427
488 49 1082891687
308 309 1082891974
499 5 1082891974
172 173 1082892015
64 66 1082892126
362 363 1082892318
527 528 1082892318
93 95 1082892318
391 392 1082893204
255 256 1082893246
445 446 1082893246
119 12 1082894381
489 490 1082898211
309 31 1082898283
474 475 1082898283
338 339 1082898359
528 529 1082898422
201 202 1082916711
94 96 1082916711
392 393 1082917027
435 437 1082920909
420 421 1082921464
285 286 1082922014
149 15 1082924527
475 476 1082924527
179 180 1082925314
503 504 1082925314
518 341 1082925314
339 34 1082930135
368 369 1082932458
80 81 1082933693
231 232 1082934223
261 263 1082935467
421 422 1082935765
465 467 1082935765
450 451 1082935814
125 127 1082936101
286 287 1082936128
314 315 1082936128
344 346 1082936843
504 505 1082936843
70 72 1082937060
208 21 1082937580
291 293 1082937885
369 37 1082937885
398 399 1082937885
451 452 1082937885
480 481 1082937994
155 7 1082938175
315 316 1082938175
374 376 1082938175
57 58 1082938175
238 24 1082938396
399 4 1082939913
427 428 1082939913
101 103 1082940059
262 263 1082940866
320 322 1082941180
185 187 1082941624
345 346 1082941624
481 482 1082941624
403 405 1082943527
239 240 1082944983
87 88 1082944983
268 27 1082945103
131 133 1082945257
292 293 1082945257
428 429 1082945257
321 323 1082945306
350 118 1082945495
186 188 1082945798
510 511 1082946205
214 216 1082946226
375 153 1082946226
269 270 1082946267
298 3 1082946301
458 459 1082948735
118 318 1082950430
161 163 1082950522
351 353 1082950910
380 382 1082950910
200 201 1082951104
215 217 1082951104
244 246 1082951438
63 64 1082951438
404 405 1082951480
434 436 1082951480
108 497 1082951551
299 30 1082951704
284 285 1082951755
148 411 1082951893
327 329 1082951893
488 19 1082951893
517 519 1082952078
191 193 1082952225
381 383 1082952345
93 94 1082952345
230 231 1082953823
245 247 1082953823
138 19 1082955438
274 276 1082955438
464 466 1082955438
328 112 1082955515
192 194 1082956140
357 359 1082956140
178 179 1082956481
220 222 1082956655
7 71 1082956655
410 412 1082957133
275 277 1082957505
260 449 1082957685
303 459 1082957765
124 125 1082958043
168 17 1082958138
494 496 1082958138
179 18 1082958311
221 223 1082958311
358 36 1082958311
207 208 1082958564
250 252 1082958564
440 442 1082958564
261 262 1082958864
125 126 1082958944
304 306 1082958944
333 335 1082959053
169 170 1082959263
154 61 1082959303
495 497 1082959303
523 525 1082959303
344 345 1082959529
388 39 1082959563
208 270 1082960026
251 161 1082960026
237 238 1082960057
441 443 1082960298
100 101 1082960649
155 156 1082960672
291 292 1082960672
334 336 1082960672
470 472 1082960672
524 526 1082960750
199 20 1082960895
184 185 1082960931
76 78 1082960943
374 375 1082960952
417 419 1082960952
238 239 1082960970
101 102 1082960973
281 283 1082960973
145 147 1082960993
471 473 1082960993
130 131 1082961076
457 521 1082961084
50 501 1082961084
320 321 1082961176
185 186 1082961242
364 296 1082961242
77 79 1082961242
228 23 1082961339
213 324 1082961365
418 42 1082961392
403 404 1082961537
107 109 1082961570
447 449 1082961570
131 132 1082961727
268 269 1082961727
310 312 1082961727
500 375 1082961727
487 488 1082961929
160 161 1082962022
53 54 1082962153
350 351 1082962179
394 396 1082962179
214 215 1082962447
243 244 1082962575
448 45 1082962575
433 434 1082962676
477 479 1082962686
137 139 1082962975
298 299 1082962975
340 342 1082962975
161 162 1082963055
530 55 1082963055
190 49 1082963526
395 406 1082963526
82 84 1082963526
380 381 1082963598
423 425 1082963598
108 109 1082963741
244 245 1082963741
434 435 1082963741
478 48 1082963954
463 169 1082963984
506 508 1082963984
191 44 1082963990
327 328 1082963990
517 518 1082963990
381 382 1082964990
424 426 1082964990
83 85 1082964990
113 115 1082965334
274 275 1082965334
41 410 1082965334
464 465 1082965685
138 139 1082966014
371 373 1082966042
507 509 1082966042
357 358 1082966218
7 70 1082966415
220 221 1082966429
410 411 1082966429
454 456 1082966429
114 116 1082966689
44 440 1082966689
143 145 1082966760
303 304 1082966813
168 169 1082966852
494 495 1082966852
198 2 1082966928
6 405 1082966928
358 359 1082967168
400 402 1082967462
250 251 1082967605
387 388 1082967605
280 282 1082967629
440 441 1082967716
484 486 1082967716
62 55 1082967817
144 146 1082967828
333 334 1082967828
523 524 1082967931
9 91 1082967931
227 229 1082968126
388 389 1082968173
416 277 1082968223
12 121 1082968537
31 311 1082968737
174 176 1082968955
470 356 1082968955
334 335 1082969149
363 364 1082969190
393 395 1082969709
257 34 1082969776
417 418 1082969776
76 77 1082969776
516 517 1082969785
446 447 1082969792
120 122 1082969961
34 341 1082969961
50 500 1082970044
203 205 1082970407
364 365 1082970440
422 424 1082970979
258 26 1082971101
287 289 1082971101
447 448 1082971150
107 108 1082971353
150 280 1082971702
37 371 1082971702
204 403 1082971984
233 235 1082971984
53 530 1082971984
394 395 1082972294
493 494 1082972379
288 29 1082972502
316 318 1082972502
477 478 1082972502
137 138 1082972625
180 182 1082972625
340 341 1082972650
370 372 1082972650
4 400 1082972760
22 220 1082972822
234 236 1082972822
82 83 1082972822
263 265 1082973198
423 424 1082973247
453 455 1082973381
127 129 1082973436
317 319 1082973436
346 348 1082973474
181 183 1082973512
167 168 1082973527
506 507 1082973527
21 211 1082973742
47 470 1082974144
59 60 1082974144
40 401 1082974249
264 266 1082974280
293 295 1082974309
113 114 1082974526
157 315 1082974579
347 349 1082974579
483 485 1082974579
376 378 1082974655
197 324 1082974853
210 212 1082974853
24 241 1082974962
89 90 1082974962
43 431 1082975725
103 105 1082975764
158 16 1082975764
294 296 1082975764
322 324 1082975764
143 144 1082976041
187 189 1082977240
512 514 1082977240
377 379 1082977423
198 199 1082977768
405 407 1082977768
240 242 1082979630
27 271 1082979630
280 281 1082979788
323 325 1082979788
46 461 1082979788
144 145 1082979801
352 354 1082980205
173 174 1082990408
188 19 1082990408
65 67 1082997707
406 408 1083002608
227 228 1083002917
270 272 1083002917
3 300 1083002917
134 136 1083003469
12 120 1083003485
49 491 1083003512
31 310 1083003577
174 175 1083003589
353 355 1083003589
382 384 1083003589
217 219 1083003597
202 203 1083003722
66 68 1083003991
95 97 1083003991
393 394 1083006622
257 258 1083010200
436 438 1083010200
120 121 1083010857
30 301 1083010857
15 150 1083011411
164 166 1083011411
519 520 1083011411
34 340 1083013364
383 385 1083013364
203 238 1083014060
96 98 1083015753
247 249 1083016196
422 423 1083016196
466 475 1083016196
287 288 1083016687
33 331 1083016814
150 487 1083017089
25 250 1083017089
52 521 1083017089
18 180 1083017192
71 45 1083017242
233 234 1083017396
277 279 1083017396
37 370 1083017396
412 414 1083017396
126 127 1083017720
496 498 1083017720
156 158 1083017863
316 317 1083017863
180 181 1083017914
28 280 1083017914
36 361 1083017914
4 40 1083018602
72 74 1083018602
442 444 1083019152
102 104 1083021844
263 264 1083021844
127 128 1083022164
226 227 1083023022
346 347 1083023508
497 499 1083023508
525 527 1083023508
59 6 1083023948
132 134 1083025217
21 210 1083025217
293 494 1083025217
157 158 1083025404
256 449 1083025404
483 484 1083025404
526 528 1083025931
78 8 1083025931
376 377 1083026255
103 104 1083026576
24 240 1083026576
89 9 1083026576
473 475 1083026942
133 135 1083028488
162 164 1083029301
322 323 1083029386
512 421 1083029386
187 188 1083029651
79 136 1083029836
216 218 1083030012
476 477 1083030012
405 406 1083030041
109 24 1083030163
27 270 1083030163
46 460 1083030163
232 233 1083030264
502 504 1083030405
81 82 1083030532
163 165 1083030664
352 353 1083030664
65 66 1083030664
11 111 1083030944
246 248 1083030944
505 506 1083030944
139 140 1083030975
3 30 1083031058
329 330 1083031256
49 490 1083032211
55 57 1083032504
193 195 1083032516
382 383 1083032563
452 453 1083032563
95 96 1083032703
209 21 1083032793
276 278 1083032793
436 437 1083032793
14 141 1083033436
359 360 1083033436
519 52 1083033436
58 59 1083033436
115 494 1083034076
222 224 1083034076
482 483 1083034076
305 307 1083034095
466 413 1083035131
17 171 1083035238
88 487 1083035238
429 43 1083035816
71 72 1083035963
116 118 1083036046
252 254 1083036046
412 413 1083036046
511 512 1083036046
306 308 1083036461
335 337 1083036461
156 157 1083037271
496 497 1083037271
2 200 1083037427
459 46 1083037809
253 255 1083038046
39 391 1083038046
282 284 1083038176
442 443 1083038176
102 103 1083038352
472 514 1083038352
146 148 1083038413
64 65 1083038413
336 338 1083038532
1 99 1083038988
365 399 1083038988
229 230 1083039126
525 526 1083039126
489 49 1083039195
283 285 1083039328
419 420 1083039328
311 313 1083039452
132 275 1083039858
94 95 1083039858
176 178 1083040089
435 436 1083040089
501 474 1083040089
366 368 1083040542
78 79 1083040542
259 260 1083040656
518 519 1083040803
449 302 1083041034
122 124 1083041232
312 314 1083041232
411 413 1083041232
162 163 1083041256
341 343 1083041256
54 56 1083041290
205 207 1083041513
465 466 1083041550
396 398 1083041702
216 217 1083041845
26 261 1083041845
109 11 1083042070
289 290 1083042070
70 71 1083042070
479 480 1083042202
235 237 1083042290
342 344 1083042290
84 86 1083042290
246 247 1083042293
425 427 1083042293
29 291 1083042296
389 390 1083042299
318 32 1083042328
139 14 1083042558
508 51 1083042558
329 33 1083042564
372 374 1083042564
236 238 1083042622
455 457 1083042629
276 277 1083042689
319 149 1083042792
239 24 1083042906
359 36 1083042930
401 403 1083042930
60 62 1083042930
222 223 1083043002
321 322 1083043002
266 268 1083043025
115 116 1083043534
186 187 1083043534
485 487 1083043534
305 62 1083043697
349 350 1083043880
269 75 1083044032
212 148 1083044172
431 433 1083044172
90 92 1083044172
252 253 1083044947
351 328 1083045016
296 298 1083045132
215 216 1083045391
335 336 1083045403
514 516 1083045403
379 380 1083045481
2 20 1083045621
299 3 1083045796
461 463 1083045796
121 123 1083045812
282 283 1083045812
1 98 1083046108
245 246 1083046108
365 366 1083046309
67 69 1083046309
229 23 1083046424
328 329 1083046517
192 193 1083046581
311 312 1083046587
491 493 1083046587
176 177 1083046681
275 100 1083046681
259 26 1083046737
221 222 1083046747
152 154 1083046855
411 365 1083046954
205 206 1083046991
341 342 1083046991
304 305 1083047094
495 496 1083047186
169 17 1083047269
1 100 1083047287
289 29 1083047431
251 252 1083047562
182 184 1083047725
441 442 1083047774
84 85 1083047774
235 236 1083047914
199 2 1083047970
265 267 1083047970
129 130 1083048108
524 251 1083048108
389 39 1083048142
281 282 1083048203
318 319 1083048203
74 76 1083048359
211 213 1083048388
145 146 1083048646
471 472 1083048714
175 177 1083048866
228 229 1083049022
295 297 1083049022
77 78 1083049258
159 160 1083049398
418 419 1083049431
241 243 1083049455
310 31 1083049455
60 61 1083049455
500 501 1083049459
105 107 1083049576
189 190 1083049576
324 326 1083049576
151 153 1083049585
448 449 1083049585
271 273 1083049587
530 54 1083049587
90 260 1083049587
97 99 1083049587
135 137 1083049642
395 396 1083049642
514 515 1083049642
218 22 1083049663
478 42 1083049663
300 302 1083049757
408 41 1083049757
83 84 1083049799
121 122 1083049856
165 167 1083049856
424 425 1083049878
128 13 1083049958
355 357 1083049958
67 68 1083050023
248 180 1083050040
438 44 1083050074
507 508 1083050074
111 113 1083050144
371 372 1083050222
491 492 1083050238
520 522 1083050238
114 115 1083050270
195 197 1083050270
385 387 1083050270
454 455 1083050270
348 35 1083050292
278 28 1083050318
468 47 1083050322
6 60 1083050322
141 143 1083050384
400 401 1083050435
331 333 1083050442
104 106 1083050451
430 432 1083050465
224 226 1083050563
484 485 1083050631
414 416 1083050659
513 515 1083050820
378 38 1083051051
498 5 1083051051
9 90 1083051051
171 203 1083051161
361 363 1083051243
460 462 1083051243
254 256 1083051270
444 446 1083051310
308 31 1083051361
407 409 1083051361
391 393 1083051363
527 529 1083051363
354 356 1083051374
490 492 1083051374
175 176 1083051546
474 476 1083051546
295 296 1083051558
338 34 1083051630
437 439 1083051630
258 259 1083051657
420 422 1083051657
285 287 1083051679
384 386 1083051679
204 205 1083051797
503 505 1083051797
324 325 1083051818
368 37 1083051818
467 469 1083051980
288 289 1083052114
330 332 1083052157
151 152 1083052166
450 452 1083052166
271 272 1083052351
370 371 1083052376
314 316 1083052479
413 415 1083052479
234 235 1083052485
453 454 1083052500
97 98 1083052500
181 182 1083052516
317 318 1083052516
360 362 1083052516
398 4 1083052516
73 58 1083052516
480 482 1083052524
300 301 1083052594
40 400 1083052599
443 445 1083052624
128 129 1083052634
264 265 1083052634
307 309 1083052634
427 85 1083052650
248 249 1083052822
347 348 1083052822
210 211 1083052966
390 392 1083052966
294 231 1083053076
43 52 1083053076
337 339 1083053094
158 159 1083053150
278 279 1083053191
348 349 1083053191
377 378 1083053372
42 421 1083053742
104 105 1083053756
240 241 1083053756
430 431 1083053756
224 225 1083053785
323 324 1083053785
188 189 1083053810
513 514 1083053810
8 81 1083053810
118 12 1083053934
378 379 1083053934
270 271 1083054004
406 162 1083054004
134 135 1083054061
200 202 1083054061
254 19 1083054096
460 461 1083054096
353 354 1083054350
284 286 1083054369
217 218 1083054375
66 67 1083054432
148 15 1083054475
407 399 1083054553
110 112 1083054583
30 300 1083054583
230 232 1083054608
164 165 1083054617
490 491 1083054617
56 58 1083054686
194 196 1083055071
354 355 1083055071
383 451 1083055125
96 97 1083055125
247 248 1083055126
178 18 1083055286
437 438 1083055368
140 142 1083055543
33 330 1083055578
260 262 1083055714
52 528 1083055714
124 126 1083055734
86 88 1083055734
207 209 1083055773
223 225 1083055773
277 278 1083055773
384 385 1083055773
170 172 1083055798
330 331 1083055798
467 468 1083055798
51 511 1083055798
36 360 1083055804
72 73 1083055886
154 156 1083055918
117 119 1083055942
413 414 1083055942
237 239 1083055973
100 102 1083056097
497 498 1083056097
20 201 1083056145
360 361 1083056145
73 74 1083056161
184 186 1083056209
443 444 1083056210
147 149 1083056250
307 8 1083056250
457 459 1083056278
526 527 1083056278
130 132 1083056320
23 231 1083056517
213 215 1083056573
390 391 1083056573
133 134 1083056595
473 474 1083056595
177 179 1083056623
337 338 1083056627
10 99 1083056662
367 369 1083056662
79 135 1083056662
160 162 1083056718
487 489 1083056718
123 371 1083056790
42 420 1083056790
45 451 1083056790
163 164 1083056900
243 245 1083056900
313 315 1083056900
502 503 1083056900
433 435 1083056901
206 208 1083056938
397 399 1083057014
8 80 1083057044
11 110 1083057091
190 192 1083057091
48 481 1083057097
153 155 1083057129
343 345 1083057135
55 56 1083057135
193 194 1083057168
463 465 1083057168
426 428 1083057181
85 307 1083057181
10 101 1083057193
290 292 1083057193
110 111 1083057207
14 140 1083057216
41 411 1083057286
183 185 1083057302
194 195 1083057310
373 375 1083057310
509 212 1083057310
56 57 1083057310
456 458 1083057341
32 321 1083057352
140 141 1083057379
17 170 1083057433
44 441 1083057538
61 400 1083057547
402 404 1083057556
223 527 1083057607
86 87 1083057607
267 269 1083057875
116 117 1083057892
387 389 1083057920
486 488 1083057936
306 307 1083057954
35 351 1083057954
51 510 1083057954
170 223 1083057965
62 64 1083057988
91 93 1083057988
39 390 1083058072
432 434 1083058072
253 254 1083058191
297 299 1083058197
117 118 1083058200
472 473 1083058323
146 147 1083058351
416 418 1083058361
515 517 1083058456
336 337 1083058474
38 381 1083058505
20 200 1083058560
92 94 1083058560
419 42 1083058686
363 365 1083058711
462 464 1083058818
147 148 1083058863
283 284 1083058863
326 328 1083058863
516 518 1083058911
501 353 1083059026
446 448 1083059027
366 367 1083059152
68 7 1083059152
409 410 1083059326
23 230 1083059364
273 275 1083059388
449 45 1083059388
122 406 1083059426
492 494 1083059442
312 313 1083059456
356 358 1083059456
177 290 1083059457
69 70 1083059560
367 368 1083059583
54 55 1083059583
396 397 1083059595
439 440 1083059595
123 124 1083059600
26 260 1083059600
45 450 1083059600
493 495 1083059623
479 48 1083059670
313 314 1083059733
521 523 1083059733
342 343 1083059770
206 207 1083059792
397 398 1083059809
425 426 1083059874
29 343 1083059913
469 470 1083059913
153 154 1083059948
22 488 1083059948
343 344 1083059955
48 480 1083059955
508 509 1083059955
372 373 1083059967
522 524 1083059967
85 86 1083060045
236 237 1083060072
167 377 1083060080
10 100 1083060164
426 427 1083060164
455 63 1083060164
13 131 1083060197
290 291 1083060206
47 471 1083060211
319 32 1083060245
183 184 1083060271
509 51 1083060271
75 77 1083060274
373 374 1083060276
401 402 1083060344
266 267 1083060378
197 199 1083060512
456 457 1083060540
5 500 1083060686
16 161 1083060744
485 486 1083060744
32 320 1083060745
349 35 1083060745
61 62 1083060745
212 213 1083060791
242 244 1083060791
402 403 1083060928
431 432 1083060928
106 108 1083060984
267 268 1083061026
296 297 1083061026
325 327 1083061026
486 487 1083061050
529 530 1083061050
19 191 1083061071
35 350 1083061071
379 38 1083061071
91 92 1083061077
173 175 1083061126
272 274 1083061140
432 433 1083061140
136 188 1083061234
461 178 1083061234
297 298 1083061242
515 516 1083061252
219 220 1083061261
38 402 1083061261
202 204 1083061262
92 93 1083061262
166 168 1083061296
301 303 1083061296
326 327 1083061296
462 463 1083061296
15 151 1083061374
68 364 1083061374
249 250 1083061376
112 114 1083061394
273 274 1083061394
409 41 1083061394
302 304 1083061492
492 493 1083061492
152 153 1083061557
196 198 1083061557
25 251 1083061558
356 357 1083061558
386 388 1083061558
69 7 1083061558
98 99 1083061558
18 181 1083061635
1 10 1083061687
279 280 1083061687
439 345 1083061687
142 350 1083061703
332 334 1083061703
521 522 1083061703
126 230 1083061805
182 183 1083061805
225 227 1083061813
415 417 1083061823
265 266 1083061851
28 281 1083061851
469 298 1083061862
129 13 1083061923
499 50 1083061923
172 174 1083061927
362 364 1083061973
522 523 1083061973
211 212 1083062033
226 228 1083062033
74 75 1083062033
255 257 1083062037
445 447 1083062166
119 174 1083062191
13 130 1083062362
309 310 1083062362
159 16 1083062612
528 53 1083062612
201 203 1083062887
392 394 1083063250
241 242 1083063288
256 258 1083063288
75 76 1083063288
105 106 1083063451
475 477 1083063451
149 150 1083063499
339 352 1083063758
5 50 1083063783
16 160 1083063796
189 19 1083063820
80 82 1083063847
231 233 1083063936
242 185 1083063989
421 423 1083063989
286 288 1083064113
106 107 1083064183
476 282 1083064203
135 136 1083064271
504 506 1083064311
325 326 1083064455
369 370 1083064455
529 53 1083064455
19 190 1083064535
81 83 1083064652
232 234 1083064759
218 219 1083064853
408 409 1083064944
451 453 1083065103
272 273 1083065252
315 317 1083065512
136 137 1083065877
165 166 1083065896
505 507 1083065896
57 59 1083065896
355 522 1083066192
219 22 1083066211
262 264 1083066211
399 40 1083066211
438 439 1083067112
452 454 1083067112
111 112 1083068038
481 483 1083082264
301 302 1083084866
345 347 1083084866
166 309 1083086889
195 196 1083086889
209 210 1083086889
58 6 1083086889
520 521 1083090612
87 89 1083090612
385 386 1083091492
249 25 1083092071
428 43 1083092071
292 294 1083092085
112 113 1083092897
482 484 1083093170
141 257 1083093502
468 469 1083093502
302 303 1083093802
510 512 1083093802
331 332 1083094118
375 377 1083094824
196 197 1083095027
88 9 1083096640
386 387 1083097060
414 415 1083098056
429 430 1083098056
458 128 1083098056
279 28 1083101060
142 143 1083101271
498 499 1083101271
511 39 1083101271
171 172 1083101799
332 333 1083101863
63 65 1083101863
361 362 1083102130
404 406 1083102130
225 226 1083103114
415 416 1083103124
444 445 1083103631
459 460 1083103631
488 49 1083103804
308 309 1083103809
172 173 1083103868
499 5 1083103868
362 363 1083103968
527 528 1083103968
64 66 1083103968
93 95 1083103968
255 256 1083104021
391 392 1083104021
445 446 1083104021
119 12 1083104339
474 475 1083104339
489 490 1083104339
309 31 1083104496
201 202 1083104612
338 339 1083104612
528 529 1083104612
94 96 1083104901
392 393 1083104962
435 437 1083105124
420 421 1083105206
149 15 1083105258
285 286 1083105258
475 476 1083105258
518 341 1083105258
179 180 1083105325
339 34 1083105325
503 504 1083105325
368 369 1083105554
80 81 1083105554
231 232 1083105599
261 263 1083105599
421 422 1083105621
465 467 1083105621
450 451 1083105768
125 127 1083105781
286 287 1083105804
314 315 1083105827
344 346 1083105827
504 505 1083105906
70 72 1083105906
208 21 1083105927
369 37 1083105927
398 399 1083105927
291 293 1083105978
451 452 1083106081
480 481 1083106137
155 7 1083106178
315 316 1083106201
374 376 1083106201
238 24 1083106477
57 58 1083106477
399 4 1083107293
101 103 1083107317
427 428 1083107317
262 263 1083107331
320 322 1083107331
481 482 1083107357
185 187 1083107520
345 346 1083107520
403 405 1083107576
239 240 1083107608
268 27 1083107619
87 88 1083107619
428 429 1083107815
131 133 1083107922
292 293 1083107942
321 323 1083108005
350 118 1083108005
186 188 1083108049
214 216 1083108196
375 153 1083108196
510 511 1083108196
269 270 1083108433
298 3 1083108556
458 459 1083108556
118 318 1083108586
161 163 1083108586
351 353 1083108596
215 217 1083108666
380 382 1083108666
200 201 1083108728
63 64 1083108728
244 246 1083108753
404 405 1083108753
434 436 1083108754
108 497 1083108789
299 30 1083108789
284 285 1083108790
327 329 1083108846
488 19 1083108935
148 411 1083108967
517 519 1083108980
191 193 1083108991
381 383 1083108991
230 231 1083109044
245 247 1083109044
93 94 1083109044
274 276 1083109086
464 466 1083109086
138 19 1083109122
328 112 1083109163
357 359 1083109188
178 179 1083109226
192 194 1083109226
7 71 1083109467
220 222 1083109478
410 412 1083109553
260 449 1083109744
275 277 1083109744
124 125 1083110161
303 459 1083110161
494 496 1083110433
168 17 1083110443
358 36 1083110443
179 18 1083110470
221 223 1083110482
207 208 1083110513
250 252 1083110537
440 442 1083110540
261 262 1083110545
304 306 1083110545
125 126 1083111103
333 335 1083111111
169 170 1083111207
154 61 1083111224
495 497 1083111224
523 525 1083111257
344 345 1083111291
388 39 1083111343
208 270 1083111523
251 161 1083111523
237 238 1083112158
441 443 1083112158
100 101 1083112174
470 472 1083112174
291 292 1083112651
334 336 1083112651
155 156 1083112815
524 526 1083112815
199 20 1083113199
184 185 1083113428
374 375 1083113699
76 78 1083113699
417 419 1083114475
238 239 1083114639
281 283 1083114639
101 102 1083115308
471 473 1083115356
130 131 1083115436
145 147 1083115436
457 521 1083115776
320 321 1083115808
364 296 1083115808
50 501 1083115808
185 186 1083115870
228 23 1083116167
77 79 1083116167
213 324 1083116435
418 42 1083116435
403 404 1083116497
107 109 1083116783
268 269 1083116783
447 449 1083116783
310 312 1083117117
131 132 1083117394
487 488 1083117394
500 375 1083117394
160 161 1083117461
350 351 1083117490
53 54 1083117490
394 396 1083117970
214 215 1083118047
243 244 1083118315
448 45 1083118315
433 434 1083119288
477 479 1083120013
137 139 1083120107
298 299 1083120835
340 342 1083120835
161 162 1083121409
190 49 1083121502
530 55 1083121502
82 84 1083121502
380 381 1083121868
395 406 1083121868
423 425 1083122396
244 245 1083122681
108 109 1083122952
434 435 1083122952
478 48 1083122952
463 169 1083123209
506 508 1083123209
327 328 1083123211
517 518 1083123211
191 44 1083123217
381 382 1083123239
83 85 1083123239
113 115 1083123605
41 410 1083123605
424 426 1083123605
274 275 1083123614
464 465 1083123705
138 139 1083123744
507 509 1083123926
357 358 1083124107
371 373 1083124107
7 70 1083124107
220 221 1083124221
410 411 1083124339
44 440 1083124442
454 456 1083124442
114 116 1083124541
143 145 1083124549
303 304 1083124549
494 495 1083124549
168 169 1083124567
198 2 1083124835
6 405 1083124835
358 359 1083124980
400 402 1083124980
250 251 1083125071
387 388 1083125071
280 282 1083125213
440 441 1083125400
484 486 1083125400
62 55 1083125532
144 146 1083125667
333 334 1083125667
523 524 1083126430
9 91 1083128409
227 229 1083128819
388 389 1083129305
416 277 1083129305
12 121 1083129425
31 311 1083129425
470 356 1083130095
174 176 1083130334
334 335 1083131165
363 364 1083131165
393 395 1083131165
257 34 1083131167
76 77 1083131167
417 418 1083131203
516 517 1083131885
446 447 1083132247
120 122 1083132310
34 341 1083132310
203 205 1083132431
364 365 1083132431
422 424 1083132431
50 500 1083132431
258 26 1083132852
287 289 1083132933
447 448 1083132933
107 108 1083133066
150 280 1083133066
37 371 1083133100
204 403 1083133705
53 530 1083133705
233 235 1083133785
394 395 1083133846
493 494 1083133977
288 29 1083134153
316 318 1083134189
137 138 1083134433
180 182 1083134433
477 478 1083134433
340 341 1083134771
370 372 1083135153
4 400 1083135530
22 220 1083135684
234 236 1083135684
82 83 1083135684
263 265 1083135954
423 424 1083135954
127 129 1083135991
453 455 1083135991
317 319 1083136032
346 348 1083136032
181 183 1083136411
167 168 1083136498
21 211 1083136547
506 507 1083136547
47 470 1083136550
59 60 1083136550
40 401 1083136551
264 266 1083136552
293 295 1083136552
113 114 1083136578
157 315 1083136578
483 485 1083136578
347 349 1083136599
210 212 1083136620
376 378 1083136620
197 324 1083136665
89 90 1083136665
24 241 1083136669
103 105 1083136808
43 431 1083136808
158 16 1083136812
294 296 1083136812
322 324 1083136812
143 144 1083136937
512 514 1083136956
187 189 1083137013
198 199 1083137033
377 379 1083137033
240 242 1083137057
27 271 1083137057
405 407 1083137057
46 461 1083137057
280 281 1083137060
323 325 1083137060
144 145 1083137068
173 174 1083137068
188 19 1083137068
352 354 1083137068
65 67 1083137249
227 228 1083137340
406 408 1083137340
270 272 1083137362
3 300 1083137362
12 120 1083137394
134 136 1083137394
49 491 1083137436
31 310 1083137494
174 175 1083137527
353 355 1083137527
202 203 1083137588
217 219 1083137588
382 384 1083137588
66 68 1083137588
95 97 1083137598
257 258 1083137749
30 301 1083137749
393 394 1083137749
436 438 1083137749
120 121 1083137758
164 166 1083137758
15 150 1083137899
34 340 1083137899
519 520 1083137899
203 238 1083138267
383 385 1083138267
96 98 1083138354
247 249 1083138365
422 423 1083138370
287 288 1083138433
466 475 1083138433
33 331 1083138504
150 487 1083138532
25 250 1083138543
52 521 1083138543
18 180 1083138554
71 45 1083138578
37 370 1083138653
412 414 1083138754
126 127 1083138789
233 234 1083138789
277 279 1083138789
156 158 1083139159
496 498 1083139159
316 317 1083139161
36 361 1083139273
180 181 1083139355
28 280 1083139359
72 74 1083139359
102 104 1083139452
4 40 1083139452
442 444 1083139452
127 128 1083139485
263 264 1083139485
226 227 1083139552
21 210 1083139579
346 347 1083139579
497 499 1083139579
525 527 1083139579
59 6 1083139579
132 134 1083139641
293 494 1083139730
483 484 1083139798
157 158 1083139818
256 449 1083139845
526 528 1083139859
78 8 1083139880
376 377 1083139887
89 9 1083139923
103 104 1083139956
24 240 1083139956
473 475 1083139956
133 135 1083139959
162 164 1083140081
322 323 1083140081
512 421 1083140151
187 188 1083140197
79 136 1083140197
216 218 1083140320
476 477 1083140339
109 24 1083140377
405 406 1083140377
27 270 1083140395
232 233 1083140402
46 460 1083140402
502 504 1083140433
81 82 1083140593
163 165 1083140652
352 353 1083140659
65 66 1083140684
246 248 1083140686
505 506 1083140686
11 111 1083140759
139 140 1083140759
3 30 1083140759
329 330 1083140759
49 490 1083140760
55 57 1083140760
193 195 1083140780
452 453 1083140829
276 278 1083140865
382 383 1083140865
95 96 1083140865
209 21 1083140900
436 437 1083141016
14 141 1083141296
58 59 1083141296
359 360 1083141392
222 224 1083141393
519 52 1083141393
115 494 1083141602
482 483 1083141602
305 307 1083141617
466 413 1083141617
88 487 1083141620
17 171 1083141669
429 43 1083141669
71 72 1083141673
252 254 1083141716
412 413 1083141742
116 118 1083141817
511 512 1083141817
306 308 1083141836
335 337 1083141854
496 497 1083141867
156 157 1083141919
2 200 1083141919
39 391 1083141919
459 46 1083141919
253 255 1083141939
282 284 1083141951
442 443 1083141951
102 103 1083141961
472 514 1083142028
146 148 1083142055
64 65 1083142055
1 99 1083142162
336 338 1083142162
365 399 1083142193
525 526 1083142289
229 230 1083142352
489 49 1083142388
419 420 1083142492
283 285 1083142568
311 313 1083142579
94 95 1083142586
132 275 1083142760
176 178 1083142865
435 436 1083142865
501 474 1083142865
366 368 1083142975
78 79 1083143010
259 260 1083143145
518 519 1083143181
122 124 1083143233
312 314 1083143233
449 302 1083143233
341 343 1083143250
411 413 1083143250
162 163 1083143321
54 56 1083143438
205 207 1083143446
396 398 1083143511
465 466 1083143511
216 217 1083143574
26 261 1083143604
289 290 1083143617
109 11 1083143621
70 71 1083143621
342 344 1083143647
479 480 1083143647
84 86 1083143647
235 237 1083143685
425 427 1083143729
246 247 1083143813
29 291 1083143813
389 390 1083143924
318 32 1083143972
139 14 1083144039
508 51 1083144039
329 33 1083144116
372 374 1083144116
236 238 1083144164
455 457 1083144301
276 277 1083144342
319 149 1083144342
239 24 1083144400
60 62 1083144400
359 36 1083144424
401 403 1083144442
222 223 1083144518
321 322 1083144518
266 268 1083144550
186 187 1083144802
115 116 1083144830
305 62 1083144830
485 487 1083144830
269 75 1083144858
349 350 1083144858
212 148 1083144869
90 92 1083144891
431 433 1083144940
252 253 1083144947
296 298 1083144949
351 328 1083144949
215 216 1083144961
514 516 1083144961
335 336 1083144977
379 380 1083145087
2 20 1083145100
299 3 1083145100
461 463 1083145100
121 123 1083145159
282 283 1083145400
1 98 1083145535
245 246 1083145535
229 23 1083145734
365 366 1083145734
67 69 1083145734
328 329 1083145881
192 193 1083146053
491 493 1083146144
176 177 1083146268
311 312 1083146268
259 26 1083146448
275 100 1083146448
221 222 1083146562
152 154 1083146712
411 365 1083146712
205 206 1083146778
341 342 1083146778
304 305 1083146862
169 17 1083146867
495 496 1083146867
1 100 1083146903
289 29 1083146969
182 184 1083147144
251 252 1083147144
441 442 1083147259
235 236 1083147270
84 85 1083147270
265 267 1083147291
129 130 1083147394
199 2 1083147394
318 319 1083147394
389 39 1083147394
524 251 1083147394
211 213 1083147541
281 282 1083147541
74 76 1083147541
145 146 1083147664
471 472 1083147683
175 177 1083147693
228 229 1083147763
295 297 1083147763
159 160 1083147779
77 78 1083147779
418 419 1083147862
60 61 1083147862
241 243 1083148043
310 31 1083148043
105 107 1083148055
500 501 1083148055
324 326 1083148067
189 190 1083148075
448 449 1083148075
151 153 1083148151
271 273 1083148170
530 54 1083148170
90 260 1083148170
135 137 1083148197
97 99 1083148197
395 396 1083148319
514 515 1083148356
218 22 1083148414
408 41 1083148649
478 42 1083148649
300 302 1083148697
83 84 1083148697
121 122 1083148838
165 167 1083148880
128 13 1083148965
355 357 1083148965
424 425 1083148965
67 68 1083149047
248 180 1083149099
507 508 1083149166
438 44 1083149193
111 113 1083149286
371 372 1083149286
491 492 1083149543
520 522 1083149664
195 197 1083149875
114 115 1083149939
454 455 1083149939
385 387 1083150341
278 28 1083150520
348 35 1083150520
6 60 1083150570
468 47 1083150611
141 143 1083150661
400 401 1083150661
104 106 1083150769
331 333 1083150769
224 226 1083150875
430 432 1083150875
484 485 1083150875
414 416 1083151011
378 38 1083151115
498 5 1083151115
513 515 1083151115
9 90 1083151115
171 203 1083151122
361 363 1083151122
460 462 1083151122
254 256 1083151288
444 446 1083151332
308 31 1083151412
407 409 1083151412
527 529 1083151428
175 176 1083151479
354 356 1083151479
391 393 1083151479
490 492 1083151479
474 476 1083151551
295 296 1083151617
338 34 1083151617
437 439 1083152089
258 259 1083152177
285 287 1083152220
420 422 1083152220
384 386 1083152391
204 205 1083152429
324 325 1083152429
503 505 1083152429
368 37 1083152450
467 469 1083152490
288 289 1083153200
151 152 1083159981
330 332 1083159981
450 452 1083159981
271 272 1083161781
370 371 1083167759
314 316 1083167893
413 415 1083170282
234 235 1083172175
453 454 1083172926
97 98 1083172926
398 4 1083172988
317 318 1083173033
181 182 1083173335
360 362 1083173335
480 482 1083173714
73 58 1083173714
300 301 1083174402
40 400 1083174521
264 265 1083174545
443 445 1083174545
128 129 1083175465
307 309 1083175465
427 85 1083175465
248 249 1083175978
347 348 1083175978
390 392 1083179751
210 211 1083179870
294 231 1083179870
43 52 1083179870
158 159 1083180305
337 339 1083180305
348 349 1083180464
240 241 1083180544
278 279 1083180544
377 378 1083180544
42 421 1083180544
104 105 1083180920
430 431 1083180920
188 189 1083181040
224 225 1083181040
323 324 1083181040
513 514 1083181040
118 12 1083181258
8 81 1083181258
378 379 1083181338
406 162 1083181338
134 135 1083181776
200 202 1083181776
270 271 1083181776
460 461 1083181776
254 19 1083182175
353 354 1083182225
284 286 1083183305
217 218 1083184122
66 67 1083184217
148 15 1083184299
407 399 1083184313
110 112 1083184456
30 300 1083184456
230 232 1083185425
164 165 1083186009
490 491 1083186009
194 196 1083186948
56 58 1083186948
354 355 1083187220
383 451 1083187700
96 97 1083188047
178 18 1083188134
247 248 1083188134
140 142 1083188295
33 330 1083188295
437 438 1083188295
260 262 1083188823
52 528 1083189907
86 88 1083190175
124 126 1083190310
223 225 1083190598
384 385 1083191069
277 278 1083191258
170 172 1083191372
207 209 1083191372
467 468 1083191372
51 511 1083191372
330 331 1083191460
36 360 1083191460
72 73 1083191460
154 156 1083192164
413 414 1083192164
117 119 1083192671
237 239 1083193464
497 498 1083193464
100 102 1083193520
20 201 1083193520
360 361 1083193520
73 74 1083193520
184 186 1083193545
443 444 1083194130
147 149 1083194180
307 8 1083194576
526 527 1083194576
457 459 1083194742
130 132 1083194781
23 231 1083194882
390 391 1083194882
213 215 1083194947
473 474 1083195002
133 134 1083195085
177 179 1083195231
10 99 1083195250
337 338 1083195250
367 369 1083195250
79 135 1083195369
160 162 1083195482
487 489 1083195482
42 420 1083195490
123 371 1083195583
45 451 1083195583
313 315 1083195607
243 245 1083195745
502 503 1083195881
163 164 1083195978
206 208 1083195978
397 399 1083195978
433 435 1083195978
190 192 1083195994
8 80 1083195994
11 110 1083196240
153 155 1083196509
48 481 1083196509
193 194 1083196704
343 345 1083196704
55 56 1083196704
463 465 1083196812
85 307 1083196964
426 428 1083197082
10 101 1083197140
290 292 1083197140
110 111 1083197259
14 140 1083197259
41 411 1083197401
183 185 1083197620
509 212 1083197620
373 375 1083197634
56 57 1083197634
194 195 1083197639
456 458 1083197639
32 321 1083197654
140 141 1083197852
17 170 1083197852
44 441 1083197896
402 404 1083198079
61 400 1083198079
86 87 1083198079
223 527 1083198125
267 269 1083198125
116 117 1083198141
387 389 1083198244
486 488 1083198373
306 307 1083198727
35 351 1083198727
51 510 1083198727
170 223 1083198773
62 64 1083198784
91 93 1083198794
39 390 1083198851
432 434 1083198894
253 254 1083198967
117 118 1083199072
297 299 1083199072
146 147 1083199076
416 418 1083199076
472 473 1083199076
515 517 1083199076
336 337 1083199086
20 200 1083199199
38 381 1083199199
92 94 1083199199
363 365 1083199308
419 42 1083199308
462 464 1083199315
283 284 1083199370
326 328 1083199370
147 148 1083199473
516 518 1083199473
446 448 1083199905
501 353 1083199905
68 7 1083200412
366 367 1083200669
23 230 1083200817
273 275 1083200817
409 410 1083200817
449 45 1083200832
122 406 1083200874
492 494 1083201297
312 313 1083201592
356 358 1083201641
177 290 1083201731
69 70 1083201937
54 55 1083201953
367 368 1083201975
396 397 1083201975
26 260 1083202181
439 440 1083202181
45 450 1083202315
123 124 1083202747
493 495 1083202747
479 48 1083202937
206 207 1083202985
313 314 1083202985
342 343 1083202985
521 523 1083202985
397 398 1083203084
425 426 1083203190
29 343 1083203199
469 470 1083203199
153 154 1083203203
22 488 1083203203
48 480 1083203297
508 509 1083203297
343 344 1083203733
522 524 1083203733
372 373 1083203818
85 86 1083203818
236 237 1083204152
167 377 1083204272
10 100 1083204525
426 427 1083204591
455 63 1083204591
13 131 1083204717
290 291 1083204717
47 471 1083205140
183 184 1083205315
319 32 1083205315
509 51 1083205315
75 77 1083205607
373 374 1083205749
401 402 1083206084
266 267 1083206638
197 199 1083206807
456 457 1083206807
5 500 1083206863
485 486 1083206957
16 161 1083206976
32 320 1083206983
349 35 1083206983
212 213 1083207048
242 244 1083207048
61 62 1083207048
402 403 1083207235
106 108 1083207320
267 268 1083207320
431 432 1083207320
296 297 1083207501
325 327 1083207734
486 487 1083207761
529 530 1083208051
19 191 1083208124
35 350 1083208124
379 38 1083208426
91 92 1083209121
173 175 1083209365
272 274 1083209389
432 433 1083209389
461 178 1083209396
136 188 1083209459
297 298 1083210040
515 516 1083210223
219 220 1083210712
38 402 1083211125
92 93 1083211125
202 204 1083211146
301 303 1083211146
166 168 1083211462
462 463 1083211462
326 327 1083211519
68 364 1083211543
15 151 1083211594
249 250 1083211594
409 41 1083211594
112 114 1083211642
273 274 1083211676
302 304 1083211676
152 153 1083211681
196 198 1083211681
356 357 1083211681
492 493 1083211681
386 388 1083211762
69 7 1083211820
98 99 1083211861
25 251 1083211874
18 181 1083212059
1 10 1083212068
279 280 1083212068
439 345 1083212199
142 350 1083212522
182 183 1083212843
332 334 1083212843
521 522 1083212843
126 230 1083213010
225 227 1083213010
415 417 1083213010
265 266 1083213088
28 281 1083213088
469 298 1083213365
129 13 1083213475
499 50 1083213475
172 174 1083213503
362 364 1083213517
522 523 1083213844
74 75 1083213846
211 212 1083213963
226 228 1083213963
255 257 1083214153
445 447 1083214215
119 174 1083214294
309 310 1083214294
13 130 1083214344
159 16 1083214344
528 53 1083214344
201 203 1083214401
392 394 1083214560
75 76 1083214602
256 258 1083214718
241 242 1083214769
105 106 1083214804
475 477 1083214804
149 150 1083214842
339 352 1083214871
5 50 1083214873
16 160 1083214986
189 19 1083215191
231 233 1083215191
421 423 1083215191
80 82 1083215191
242 185 1083215223
106 107 1083215388
286 288 1083215388
135 136 1083215393
476 282 1083215393
504 506 1083215393
325 326 1083215449
369 370 1083215561
529 53 1083215561
19 190 1083215575
232 234 1083215706
81 83 1083215706
218 219 1083215832
408 409 1083215863
451 453 1083216093
272 273 1083216191
315 317 1083216191
136 137 1083216267
505 507 1083216267
165 166 1083216541
57 59 1083216615
355 522 1083216703
219 22 1083216715
399 40 1083216715
262 264 1083216975
452 454 1083217055
111 112 1083217388
438 439 1083217388
481 483 1083217388
301 302 1083217598
166 309 1083217766
209 210 1083217766
345 347 1083217766
58 6 1083217766
195 196 1083217783
520 521 1083217978
249 25 1083217986
385 386 1083217986
428 43 1083217986
87 89 1083217986
292 294 1083217998
112 113 1083218105
482 484 1083218187
468 469 1083218208
141 257 1083218229
302 303 1083218229
510 512 1083218229
331 332 1083218239
375 377 1083218239
196 197 1083218255
88 9 1083218322
386 387 1083218393
279 28 1083218471
414 415 1083218471
429 430 1083218471
458 128 1083218471
142 143 1083218587
498 499 1083218587
511 39 1083218587
171 172 1083218712
332 333 1083219132
361 362 1083219173
63 65 1083219173
404 406 1083219431
225 226 1083219739
415 416 1083219739
459 460 1083219739
444 445 1083219974
488 49 1083219974
308 309 1083220154
499 5 1083220154
172 173 1083220177
64 66 1083220406
527 528 1083220639
362 363 1083220837
93 95 1083220890
391 392 1083221349
255 256 1083221685
445 446 1083222059
119 12 1083222313
474 475 1083222313
489 490 1083222313
309 31 1083222336
338 339 1083222336
201 202 1083222424
528 529 1083222424
94 96 1083222424
392 393 1083222429
435 437 1083222429
285 286 1083222543
420 421 1083222543
149 15 1083222547
475 476 1083222547
503 504 1083222577
518 341 1083222577
179 180 1083222617
231 232 1083222677
339 34 1083222677
368 369 1083222677
80 81 1083222677
261 263 1083222839
421 422 1083222841
465 467 1083222892
125 127 1083222937
286 287 1083222937
450 451 1083222937
314 315 1083222990
344 346 1083223010
504 505 1083223049
70 72 1083223195
208 21 1083223333
291 293 1083223357
369 37 1083223357
398 399 1083223357
451 452 1083223406
480 481 1083223406
155 7 1083223474
315 316 1083223584
374 376 1083223584
238 24 1083223586
57 58 1083223586
399 4 1083223638
101 103 1083223832
427 428 1083223832
262 263 1083223844
320 322 1083223894
185 187 1083224009
481 482 1083224009
345 346 1083224016
403 405 1083224077
239 240 1083224246
268 27 1083224246
428 429 1083224246
87 88 1083224246
131 133 1083224261
292 293 1083224261
321 323 1083224328
350 118 1083224328
186 188 1083224349
510 511 1083224349
214 216 1083224372
375 153 1083224372
269 270 1083224433
298 3 1083224433
458 459 1083224586
118 318 1083224606
161 163 1083224606
351 353 1083224606
215 217 1083224695
380 382 1083224695
200 201 1083224721
63 64 1083224744
244 246 1083224778
404 405 1083224888
434 436 1083224967
108 497 1083225447
299 30 1083225500
284 285 1083225523
327 329 1083225534
488 19 1083225534
148 411 1083225668
191 193 1083225699
517 519 1083225699
381 383 1083225813
93 94 1083225849
245 247 1083225882
230 231 1083225937
274 276 1083226021
464 466 1083226021
138 19 1083226034
328 112 1083226034
357 359 1083226034
178 179 1083226043
192 194 1083226043
7 71 1083226123
220 222 1083226153
275 277 1083226171
410 412 1083226171
260 449 1083226183
303 459 1083226183
124 125 1083226252
494 496 1083226317
168 17 1083226338
179 18 1083226361
358 36 1083226361
221 223 1083226473
207 208 1083226513
250 252 1083226522
440 442 1083226566
261 262 1083226573
304 306 1083226573
125 126 1083226600
333 335 1083226728
169 170 1083226791
154 61 1083226961
495 497 1083227182
344 345 1083227291
388 39 1083227291
523 525 1083227291
208 270 1083227344
237 238 1083227344
251 161 1083227344
100 101 1083227387
441 443 1083227387
291 292 1083227390
334 336 1083227390
470 472 1083227390
155 156 1083227395
199 20 1083227402
524 526 1083227402
184 185 1083227468
76 78 1083227549
374 375 1083227747
101 102 1083227754
238 239 1083227754
281 283 1083227754
417 419 1083227754
471 473 1083227755
130 131 1083227829
145 147 1083227829
457 521 1083227852
50 501 1083227871
320 321 1083227879
364 296 1083227879
185 186 1083227914
77 79 1083227927
213 324 1083227932
228 23 1083227932
403 404 1083227970
418 42 1083227970
447 449 1083227970
107 109 1083227995
268 269 1083228229
310 312 1083228229
131 132 1083228241
487 488 1083228323
500 375 1083228323
160 161 1083228374
53 54 1083228374
350 351 1083228381
394 396 1083228381
214 215 1083228508
243 244 1083228508
448 45 1083228548
433 434 1083228595
477 479 1083228674
137 139 1083228717
298 299 1083228717
161 162 1083228764
340 342 1083228764
190 49 1083228771
530 55 1083228771
82 84 1083228771
395 406 1083228826
244 245 1083228827
380 381 1083228827
423 425 1083228827
434 435 1083228935
108 109 1083228946
478 48 1083228985
463 169 1083229006
327 328 1083229108
506 508 1083229108
517 518 1083229110
191 44 1083229121
83 85 1083229130
381 382 1083229147
424 426 1083229147
41 410 1083229153
113 115 1083229162
274 275 1083229162
464 465 1083229207
138 139 1083229222
507 509 1083229230
357 358 1083229246
371 373 1083229246
7 70 1083229260
220 221 1083229270
410 411 1083229270
454 456 1083229270
44 440 1083229374
114 116 1083229450
143 145 1083229450
168 169 1083229450
303 304 1083229450
494 495 1083229450
6 405 1083229563
198 2 1083229698
358 359 1083229743
400 402 1083229743
250 251 1083229823
387 388 1083229823
280 282 1083229880
440 441 1083229906
484 486 1083229906
62 55 1083229949
144 146 1083230044
333 334 1083230044
523 524 1083230044
9 91 1083230044
227 229 1083230107
388 389 1083230107
416 277 1083230195
12 121 1083230200
31 311 1083230200
470 356 1083230234
174 176 1083230262
334 335 1083230267
363 364 1083230307
393 395 1083230378
76 77 1083230422
257 34 1083230459
417 418 1083230459
120 122 1083230466
34 341 1083230466
446 447 1083230466
50 500 1083230466
516 517 1083230466
203 205 1083230473
364 365 1083230544
422 424 1083230544
258 26 1083230557
287 289 1083230557
107 108 1083230602
150 280 1083230602
37 371 1083230602
447 448 1083230602
204 403 1083230754
53 530 1083230754
233 235 1083230787
394 395 1083230814
288 29 1083230816
493 494 1083230816
316 318 1083230895
477 478 1083230895
137 138 1083230901
180 182 1083230929
340 341 1083230975
370 372 1083230975
234 236 1083231024
4 400 1083231024
22 220 1083231090
263 265 1083231090
423 424 1083231090
82 83 1083231090
127 129 1083231106
453 455 1083231106
181 183 1083231139
317 319 1083231139
346 348 1083231139
167 168 1083231151
506 507 1083231151
21 211 1083231304
47 470 1083231316
59 60 1083231317
40 401 1083231358
113 114 1083231449
264 266 1083231449
293 295 1083231449
157 315 1083231455
483 485 1083231455
197 324 1083231550
210 212 1083231550
347 349 1083231550
376 378 1083231550
89 90 1083231587
24 241 1083231590
43 431 1083231656
103 105 1083231674
158 16 1083231674
294 296 1083231674
322 324 1083231674
143 144 1083231682
512 514 1083231682
187 189 1083231691
377 379 1083231710
198 199 1083231816
240 242 1083231816
405 407 1083231816
27 271 1083231837
46 461 1083231891
280 281 1083231962
323 325 1083232030
144 145 1083232143
352 354 1083232248
188 19 1083232260
173 174 1083232403
65 67 1083232403
406 408 1083232426
227 228 1083232434
270 272 1083232434
3 300 1083232452
134 136 1083232469
12 120 1083232478
31 310 1083232586
49 491 1083232586
353 355 1083232633
174 175 1083232641
217 219 1083232643
382 384 1083232643
202 203 1083232713
66 68 1083232713
95 97 1083232774
393 394 1083232817
436 438 1083232820
120 121 1083232880
257 258 1083232880
30 301 1083232880
15 150 1083232885
164 166 1083232885
519 520 1083232885
34 340 1083232915
383 385 1083232915
203 238 1083232931
247 249 1083232978
96 98 1083232978
422 423 1083232997
466 475 1083233001
287 288 1083233104
33 331 1083233106
150 487 1083233118
25 250 1083233152
52 521 1083233152
18 180 1083233344
71 45 1083233393
37 370 1083233405
412 414 1083233405
233 234 1083233422
277 279 1083233580
126 127 1083233637
496 498 1083233637
156 158 1083233715
316 317 1083233715
180 181 1083233940
36 361 1083233940
28 280 1083233964
4 40 1083233986
72 74 1083233986
442 444 1083234080
102 104 1083234110
263 264 1083234196
127 128 1083234249
226 227 1083234249
497 499 1083234249
525 527 1083234303
346 347 1083234351
59 6 1083234351
21 210 1083234367
132 134 1083234430
293 494 1083234431
483 484 1083234431
157 158 1083234432
256 449 1083234432
526 528 1083234432
78 8 1083234563
376 377 1083234656
24 240 1083234664
89 9 1083234664
103 104 1083234686
473 475 1083234736
133 135 1083234758
162 164 1083234914
322 323 1083234914
512 421 1083234961
187 188 1083235033
79 136 1083235033
216 218 1083235156
476 477 1083235156
109 24 1083235159
405 406 1083235159
27 270 1083235335
232 233 1083235358
46 460 1083235358
502 504 1083235473
81 82 1083235473
163 165 1083235486
352 353 1083235528
65 66 1083235590
246 248 1083235626
505 506 1083235699
11 111 1083235712
139 140 1083235712
3 30 1083235712
329 330 1083235712
193 195 1083235797
49 490 1083235797
55 57 1083235797
452 453 1083235858
382 383 1083235881
209 21 1083235911
276 278 1083235911
95 96 1083235911
436 437 1083236005
58 59 1083236041
14 141 1083236089
359 360 1083236229
222 224 1083236267
482 483 1083236267
519 52 1083236267
115 494 1083236330
305 307 1083236576
466 413 1083236583
88 487 1083236583
17 171 1083236626
429 43 1083236722
252 254 1083236856
71 72 1083236856
412 413 1083236965
511 512 1083236965
116 118 1083237017
306 308 1083237176
335 337 1083237176
496 497 1083237176
156 157 1083237179
2 200 1083237302
459 46 1083237302
39 391 1083237327
253 255 1083237370
282 284 1083237424
442 443 1083237424
102 103 1083237456
146 148 1083237456
472 514 1083237456
336 338 1083237556
64 65 1083237556
1 99 1083237566
365 399 1083237566
525 526 1083237566
229 230 1083237594
283 285 1083237719
311 313 1083237719
419 420 1083237719
489 49 1083237719
132 275 1083237794
94 95 1083237794
501 474 1083238210
176 178 1083238386
435 436 1083238622
366 368 1083238636
78 79 1083238685
259 260 1083238807
518 519 1083238807
122 124 1083239491
449 302 1083239491
312 314 1083239771
411 413 1083240172
341 343 1083240226
162 163 1083240338
54 56 1083241257
205 207 1083243666
465 466 1083243666
216 217 1083245849
396 398 1083245849
26 261 1083246241
289 290 1083258752
109 11 1083260122
70 71 1083260122
479 480 1083260442
235 237 1083260812
342 344 1083260812
425 427 1083260812
84 86 1083260812
246 247 1083261574
29 291 1083263129
389 390 1083264055
318 32 1083264229
139 14 1083264232
508 51 1083264374
329 33 1083264483
372 374 1083264648
236 238 1083264726
455 457 1083265011
276 277 1083265018
319 149 1083265342
239 24 1083265441
359 36 1083265462
401 403 1083265462
60 62 1083265462
222 223 1083265544
321 322 1083265562
186 187 1083265644
266 268 1083265644
115 116 1083265696
305 62 1083265709
485 487 1083265709
349 350 1083265788
269 75 1083265935
212 148 1083266402
90 92 1083266820
252 253 1083267225
351 328 1083267225
431 433 1083267225
215 216 1083267231
296 298 1083267231
335 336 1083267425
379 380 1083267425
514 516 1083267425
2 20 1083268418
299 3 1083268576
461 463 1083268678
121 123 1083268939
1 98 1083270976
245 246 1083270976
282 283 1083270976
67 69 1083271294
229 23 1083271359
365 366 1083271359
328 329 1083271477
192 193 1083272862
491 493 1083273072
176 177 1083273354
311 312 1083273354
275 100 1083273615
259 26 1083273670
221 222 1083273995
152 154 1083274034
411 365 1083274538
205 206 1083275223
341 342 1083275223
304 305 1083276026
169 17 1083276092
495 496 1083276092
1 100 1083276127
289 29 1083276127
251 252 1083276247
182 184 1083277021
441 442 1083277575
84 85 1083277575
235 236 1083277641
265 267 1083277785
199 2 1083277821
129 130 1083278001
389 39 1083278001
524 251 1083278001
281 282 1083278121
318 319 1083278121
74 76 1083278229
145 146 1083278539
211 213 1083278539
471 472 1083278540
175 177 1083278663
295 297 1083278872
159 160 1083279401
228 229 1083279401
77 78 1083279401
418 419 1083279749
60 61 1083279749
310 31 1083280088
241 243 1083280205
105 107 1083280380
324 326 1083280380
500 501 1083280380
151 153 1083280400
189 190 1083280400
448 449 1083280400
90 260 1083280400
271 273 1083280862
530 54 1083281321
135 137 1083281596
97 99 1083281596
395 396 1083281792
218 22 1083281866
514 515 1083281866
478 42 1083282259
408 41 1083282480
300 302 1083284481
83 84 1083284481
121 122 1083284623
165 167 1083284623
355 357 1083285534
424 425 1083285534
128 13 1083285960
67 68 1083286295
248 180 1083286671
111 113 1083286808
438 44 1083286808
507 508 1083286808
371 372 1083286816
491 492 1083286816
195 197 1083286901
520 522 1083286901
454 455 1083287250
114 115 1083287405
385 387 1083287405
278 28 1083287821
348 35 1083287821
6 60 1083287821
468 47 1083288081
141 143 1083288140
331 333 1083288140
400 401 1083288140
104 106 1083288399
224 226 1083288437
430 432 1083288437
414 416 1083288461
484 485 1083288461
378 38 1083288593
513 515 1083288593
498 5 1083288609
9 90 1083288609
171 203 1083288635
361 363 1083288783
460 462 1083288982
254 256 1083289317
444 446 1083289360
308 31 1083289388
407 409 1083289388
527 529 1083289388
391 393 1083289554
490 492 1083289697
354 356 1083289768
175 176 1083290164
295 296 1083290174
474 476 1083290174
338 34 1083290211
437 439 1083290211
258 259 1083290337
285 287 1083290424
420 422 1083290424
204 205 1083290620
384 386 1083290620
324 325 1083290768
368 37 1083290768
467 469 1083290768
503 505 1083290768
288 289 1083290933
330 332 1083291046
151 152 1083291237
271 272 1083291308
450 452 1083291308
314 316 1083292063
370 371 1083292063
413 415 1083292063
234 235 1083292085
317 318 1083292146
398 4 1083292146
453 454 1083292146
97 98 1083292146
181 182 1083292222
360 362 1083292222
73 58 1083292473
480 482 1083292479
300 301 1083292655
40 400 1083292655
443 445 1083292655
128 129 1083293041
264 265 1083293041
307 309 1083293041
427 85 1083293157
248 249 1083293194
347 348 1083293215
390 392 1083293319
210 211 1083293334
43 52 1083293365
294 231 1083293460
337 339 1083293460
158 159 1083293733
348 349 1083293851
278 279 1083293855
377 378 1083293855
42 421 1083293855
240 241 1083293880
430 431 1083293880
104 105 1083293907
224 225 1083293907
323 324 1083293907
188 189 1083294056
513 514 1083294056
118 12 1083294124
8 81 1083294124
378 379 1083294137
406 162 1083294155
270 271 1083294158
200 202 1083294219
134 135 1083294290
254 19 1083294290
460 461 1083294290
284 286 1083294431
353 354 1083294431
217 218 1083294488
66 67 1083294488
148 15 1083294661
110 112 1083294761
407 399 1083294761
30 300 1083294866
230 232 1083294870
164 165 1083294946
490 491 1083294946
56 58 1083294946
194 196 1083294976
354 355 1083294976
383 451 1083294976
178 18 1083294977
247 248 1083294977
437 438 1083294977
96 97 1083294977
140 142 1083295120
33 330 1083295131
260 262 1083295195
52 528 1083295271
86 88 1083295271
124 126 1083295291
223 225 1083295318
277 278 1083295323
384 385 1083295323
207 209 1083295337
467 468 1083295339
51 511 1083295339
170 172 1083295558
330 331 1083295682
36 360 1083295690
72 73 1083295690
154 156 1083295758
413 414 1083295758
117 119 1083295791
237 239 1083295892
497 498 1083296018
100 102 1083296277
20 201 1083296296
360 361 1083296296
73 74 1083296296
184 186 1083296438
443 444 1083296694
147 149 1083296804
307 8 1083297415
130 132 1083297546
457 459 1083297546
526 527 1083297546
23 231 1083297847
213 215 1083297932
390 391 1083297932
473 474 1083297990
133 134 1083298291
177 179 1083298291
337 338 1083298291
10 99 1083298347
367 369 1083298874
79 135 1083298944
160 162 1083298982
487 489 1083298982
123 371 1083299052
42 420 1083299052
45 451 1083299052
313 315 1083299196
243 245 1083299479
502 503 1083299479
163 164 1083299659
433 435 1083299898
206 208 1083300012
190 192 1083300115
397 399 1083300115
8 80 1083300115
11 110 1083300189
153 155 1083300189
48 481 1083300189
343 345 1083300240
55 56 1083300341
193 194 1083300380
463 465 1083300380
85 307 1083300380
10 101 1083300603
426 428 1083300603
110 111 1083300769
290 292 1083300769
14 140 1083300794
41 411 1083300794
183 185 1083300797
509 212 1083300869
373 375 1083300902
194 195 1083300935
456 458 1083300935
56 57 1083300935
140 141 1083300975
32 321 1083300975
17 170 1083301090
44 441 1083301090
402 404 1083301131
61 400 1083301131
86 87 1083301131
223 527 1083301192
116 117 1083301278
267 269 1083301278
387 389 1083301289
486 488 1083301329
306 307 1083301350
35 351 1083301350
170 223 1083301390
51 510 1083301390
62 64 1083301408
91 93 1083301452
39 390 1083301509
253 254 1083301541
432 434 1083301541
297 299 1083301618
117 118 1083301811
146 147 1083301811
416 418 1083301811
472 473 1083301811
336 337 1083301862
515 517 1083301862
38 381 1083302027
20 200 1083302094
92 94 1083302444
419 42 1083302546
363 365 1083303115
283 284 1083303493
462 464 1083303493
147 148 1083303906
326 328 1083303906
516 518 1083303940
501 353 1083304182
446 448 1083304262
366 367 1083304285
409 410 1083304285
68 7 1083304285
23 230 1083304438
273 275 1083304457
122 406 1083304513
449 45 1083304513
312 313 1083304600
492 494 1083304600
356 358 1083304662
177 290 1083304671
69 70 1083304671
54 55 1083304699
367 368 1083304744
396 397 1083304744
439 440 1083304744
26 260 1083304776
123 124 1083304793
45 450 1083304793
493 495 1083304945
313 314 1083304971
479 48 1083304971
521 523 1083305067
342 343 1083305133
206 207 1083305358
397 398 1083305358
425 426 1083305358
469 470 1083305358
22 488 1083305492
29 343 1083305492
153 154 1083305713
48 480 1083305713
343 344 1083305797
508 509 1083305797
522 524 1083305835
372 373 1083305837
85 86 1083305926
10 100 1083305961
167 377 1083305961
236 237 1083305961
426 427 1083306457
455 63 1083306477
13 131 1083306505
290 291 1083306644
47 471 1083306677
319 32 1083306727
509 51 1083306727
183 184 1083306764
75 77 1083306788
373 374 1083306794
401 402 1083306810
197 199 1083306877
266 267 1083306877
456 457 1083306877
5 500 1083306911
485 486 1083307015
16 161 1083307114
32 320 1083307114
349 35 1083307114
61 62 1083307114
212 213 1083307320
242 244 1083307498
402 403 1083307498
431 432 1083307498
106 108 1083307616
267 268 1083307616
296 297 1083307908
325 327 1083308512
486 487 1083308512
529 530 1083308579
19 191 1083308580
35 350 1083308624
379 38 1083308624
173 175 1083308809
91 92 1083308809
272 274 1083308869
432 433 1083308939
461 178 1083308943
136 188 1083309252
297 298 1083309252
515 516 1083309252
219 220 1083309284
38 402 1083309325
92 93 1083309393
202 204 1083309421
301 303 1083309421
462 463 1083309421
166 168 1083309554
326 327 1083309554
68 364 1083309554
15 151 1083309568
249 250 1083309582
409 41 1083309582
112 114 1083309603
273 274 1083309690
302 304 1083309690
492 493 1083309725
152 153 1083309763
196 198 1083309763
356 357 1083309829
386 388 1083309829
69 7 1083310002
18 181 1083310096
25 251 1083310096
279 280 1083310096
98 99 1083310096
1 10 1083310305
142 350 1083310311
439 345 1083310311
332 334 1083310326
521 522 1083310326
126 230 1083310383
182 183 1083310383
225 227 1083310483
415 417 1083310483
129 13 1083310529
265 266 1083310529
28 281 1083310529
469 298 1083310529
499 50 1083310555
172 174 1083310587
362 364 1083310587
522 523 1083310677
74 75 1083310709
226 228 1083310816
211 212 1083310870
255 257 1083310976
445 447 1083310976
119 174 1083311200
13 130 1083311302
309 310 1083311302
159 16 1083311318
528 53 1083311318
201 203 1083311337
392 394 1083311345
256 258 1083311364
75 76 1083311364
105 106 1083311403
241 242 1083311403
475 477 1083311403
149 150 1083311423
339 352 1083311452
16 160 1083311485
189 19 1083311485
5 50 1083311485
80 82 1083311606
231 233 1083311662
421 423 1083311662
242 185 1083311738
106 107 1083311791
286 288 1083311791
476 282 1083311793
135 136 1083311809
504 506 1083311818
325 326 1083311833
19 190 1083311952
369 370 1083311952
529 53 1083311952
81 83 1083312133
232 234 1083312164
218 219 1083312240
408 409 1083312429
451 453 1083312506
272 273 1083312526
315 317 1083312526
136 137 1083312554
165 166 1083312570
505 507 1083312570
355 522 1083312583
399 40 1083312583
57 59 1083312583
219 22 1083312587
262 264 1083312600
438 439 1083312600
452 454 1083312600
111 112 1083312663
301 302 1083312663
481 483 1083312663
345 347 1083312764
166 309 1083312772
209 210 1083312776
58 6 1083312776
195 196 1083312838
520 521 1083312838
249 25 1083312877
385 386 1083312877
428 43 1083312877
87 89 1083312877
292 294 1083312930
112 113 1083312999
482 484 1083312999
141 257 1083313011
468 469 1083313011
302 303 1083313081
510 512 1083313081
331 332 1083313325
196 197 1083313370
375 377 1083313370
386 387 1083313392
414 415 1083313392
429 430 1083313392
88 9 1083313392
458 128 1083313408
279 28 1083313410
142 143 1083313420
511 39 1083313420
171 172 1083313436
498 499 1083313436
332 333 1083313499
63 65 1083313502
361 362 1083313547
404 406 1083313590
225 226 1083313598
415 416 1083313598
444 445 1083313628
459 460 1083313628
308 309 1083313711
488 49 1083313711
499 5 1083313720
172 173 1083313729
64 66 1083313729
527 528 1083313737
362 363 1083313760
93 95 1083313806
255 256 1083313836
391 392 1083313836
119 12 1083313868
445 446 1083313868
489 490 1083313868
474 475 1083313877
309 31 1083313916
338 339 1083313920
201 202 1083313924
528 529 1083313924
94 96 1083313924
392 393 1083313937
420 421 1083313961
435 437 1083313961
285 286 1083313981
475 476 1083313996
149 15 1083314003
518 341 1083314003
503 504 1083314012
179 180 1083314029
339 34 1083314029
231 232 1083314042
368 369 1083314042
80 81 1083314042
261 263 1083314057
421 422 1083314100
465 467 1083314105
450 451 1083314114
125 127 1083314115
286 287 1083314151
314 315 1083314151
344 346 1083314176
504 505 1083314225
208 21 1083314229
70 72 1083314229
369 37 1083314311
398 399 1083314311
291 293 1083314333
155 7 1083314364
451 452 1083314364
480 481 1083314364
315 316 1083314390
374 376 1083314424
57 58 1083314424
238 24 1083314502
399 4 1083314553
427 428 1083314553
101 103 1083314626
262 263 1083314692
320 322 1083314742
481 482 1083314781
185 187 1083314788
345 346 1083314788
403 405 1083314788
239 240 1083314790
87 88 1083314790
131 133 1083314803
268 27 1083314803
428 429 1083314803
292 293 1083314852
321 323 1083314864
186 188 1083314867
350 118 1083314867
510 511 1083314890
214 216 1083314910
375 153 1083314910
269 270 1083314919
298 3 1083314919
118 318 1083315040
458 459 1083315040
161 163 1083315049
351 353 1083315049
380 382 1083315060
200 201 1083315068
215 217 1083315068
63 64 1083315076
244 246 1083315097
404 405 1083315196
434 436 1083315196
108 497 1083315238
299 30 1083315520
284 285 1083315541
327 329 1083315557
488 19 1083315587
148 411 1083315692
191 193 1083315742
517 519 1083315742
381 383 1083315791
245 247 1083315817
93 94 1083315817
230 231 1083315828
274 276 1083315828
464 466 1083315908
138 19 1083316013
328 112 1083316174
192 194 1083316241
357 359 1083316241
178 179 1083316330
7 71 1083316330
220 222 1083316390
275 277 1083316444
410 412 1083316444
260 449 1083316506
303 459 1083316506
124 125 1083316522
168 17 1083316555
494 496 1083316555
358 36 1083316686
179 18 1083316711
221 223 1083316711
207 208 1083316716
250 252 1083316716
261 262 1083316803
440 442 1083316803
125 126 1083316863
304 306 1083316863
169 170 1083316924
333 335 1083316924
154 61 1083316931
495 497 1083316931
344 345 1083316936
523 525 1083316936
388 39 1083316980
208 270 1083317020
237 238 1083317022
251 161 1083317022
441 443 1083317087
100 101 1083317111
470 472 1083317129
291 292 1083317154
334 336 1083317154
155 156 1083317248
199 20 1083317252
524 526 1083317252
184 185 1083317301
76 78 1083317358
374 375 1083317424
238 239 1083317428
417 419 1083317428
101 102 1083317456
281 283 1083317456
471 473 1083317535
130 131 1083317696
145 147 1083317696
457 521 1083317696
185 186 1083317734
320 321 1083317734
364 296 1083317734
50 501 1083317734
77 79 1083317748
213 324 1083317863
228 23 1083317863
418 42 1083318048
403 404 1083318184
447 449 1083318184
107 109 1083318196
268 269 1083318196
310 312 1083318209
131 132 1083318229
500 375 1083318377
487 488 1083318493
160 161 1083318551
53 54 1083318600
350 351 1083318601
394 396 1083318668
214 215 1083318750
243 244 1083318750
448 45 1083318785
433 434 1083318800
477 479 1083318830
137 139 1083318885
161 162 1083318947
298 299 1083318947
340 342 1083318947
530 55 1083318947
190 49 1083319086
82 84 1083319086
244 245 1083319129
380 381 1083319129
395 406 1083319129
423 425 1083319129
434 435 1083319168
108 109 1083319403
478 48 1083319403
463 169 1083319430
506 508 1083319431
327 328 1083319564
517 518 1083319564
191 44 1083319664
83 85 1083319677
381 382 1083319837
424 426 1083319909
113 115 1083320000
41 410 1083320000
274 275 1083320043
464 465 1083320043
138 139 1083320170
507 509 1083320170
371 373 1083320191
357 358 1083320298
7 70 1083320315
220 221 1083320444
410 411 1083320493
44 440 1083320729
454 456 1083320729
114 116 1083320758
143 145 1083320832
303 304 1083320847
494 495 1083320854
168 169 1083320896
6 405 1083320896
198 2 1083320914
358 359 1083320914
400 402 1083320966
250 251 1083321034
387 388 1083321034
280 282 1083321071
440 441 1083321084
484 486 1083321084
144 146 1083321107
62 55 1083321107
333 334 1083321108
523 524 1083321208
227 229 1083321318
9 91 1083321318
388 389 1083321319
416 277 1083321361
12 121 1083321549
31 311 1083321549
174 176 1083321551
470 356 1083321551
334 335 1083321647
363 364 1083321647
393 395 1083321664
76 77 1083321677
257 34 1083321682
417 418 1083321682
516 517 1083321682
120 122 1083321778
446 447 1083321778
34 341 1083321822
203 205 1083321865
50 500 1083321865
364 365 1083321901
258 26 1083321941
287 289 1083321941
422 424 1083321941
107 108 1083322006
447 448 1083322006
150 280 1083322031
37 371 1083322031
204 403 1083322034
233 235 1083322088
53 530 1083322088
394 395 1083322153
288 29 1083322178
493 494 1083322178
316 318 1083322392
477 478 1083322392
137 138 1083322506
180 182 1083322506
340 341 1083322506
370 372 1083322745
4 400 1083322845
234 236 1083322884
22 220 1083322898
82 83 1083322898
263 265 1083323039
423 424 1083323116
453 455 1083323116
127 129 1083323168
317 319 1083323168
346 348 1083323168
181 183 1083323222
167 168 1083323301
506 507 1083323301
21 211 1083323429
47 470 1083323429
59 60 1083323429
264 266 1083323486
40 401 1083323486
113 114 1083323488
293 295 1083323488
483 485 1083323488
157 315 1083323501
347 349 1083323501
197 324 1083323519
210 212 1083323519
376 378 1083323519
89 90 1083323519
24 241 1083323554
43 431 1083323712
103 105 1083323716
294 296 1083323785
322 324 1083323817
158 16 1083323927
143 144 1083324003
187 189 1083324034
377 379 1083324034
512 514 1083324034
198 199 1083324048
405 407 1083324094
240 242 1083324174
27 271 1083324174
46 461 1083324174
280 281 1083324234
323 325 1083324264
144 145 1083324282
188 19 1083324298
352 354 1083324298
173 174 1083324319
65 67 1083324319
406 408 1083324379
227 228 1083324380
270 272 1083324394
3 300 1083324394
134 136 1083324443
12 120 1083324474
49 491 1083324474
31 310 1083324527
353 355 1083324546
174 175 1083324605
382 384 1083324634
217 219 1083324651
202 203 1083324661
66 68 1083324731
393 394 1083324803
95 97 1083324803
257 258 1083324869
30 301 1083324869
436 438 1083324869
120 121 1083324873
164 166 1083324969
15 150 1083324988
519 520 1083325027
203 238 1083325072
34 340 1083325072
383 385 1083325072
96 98 1083325151
247 249 1083325166
287 288 1083325194
422 423 1083325194
466 475 1083325194
150 487 1083325241
33 331 1083325241
18 180 1083325251
25 250 1083325251
52 521 1083325251
37 370 1083325292
412 414 1083325292
71 45 1083325292
233 234 1083325332
277 279 1083325359
126 127 1083325426
496 498 1083325426
156 158 1083325439
316 317 1083325441
36 361 1083325464
180 181 1083325489
28 280 1083325495
72 74 1083325495
102 104 1083325518
4 40 1083325518
442 444 1083325518
263 264 1083325557
127 128 1083325596
226 227 1083325596
497 499 1083325662
346 347 1083325710
525 527 1083325710
59 6 1083325710
21 210 1083325775
132 134 1083325935
293 494 1083325935
483 484 1083326439
157 158 1083326466
256 449 1083326906
526 528 1083326906
78 8 1083327170
376 377 1083328184
89 9 1083328922
103 104 1083329343
24 240 1083329343
473 475 1083329363
133 135 1083329403
162 164 1083329436
322 323 1083329623
512 421 1083329623
187 188 1083342467
79 136 1083342467
216 218 1083345755
476 477 1083345802
405 406 1083347079
109 24 1083347095
27 270 1083347161
46 460 1083347189
232 233 1083347328
163 165 1083347471
502 504 1083347471
81 82 1083347471
352 353 1083348827
65 66 1083349471
246 248 1083349494
11 111 1083349545
505 506 1083349545
139 140 1083349593
3 30 1083349593
329 330 1083349593
49 490 1083349621
193 195 1083349636
55 57 1083349636
452 453 1083349660
382 383 1083349691
95 96 1083349954
209 21 1083349979
276 278 1083349979
436 437 1083350157
14 141 1083350205
222 224 1083350205
359 360 1083350205
482 483 1083350205
519 52 1083350205
58 59 1083350205
115 494 1083350271
305 307 1083350271
466 413 1083350271
88 487 1083350462
17 171 1083350477
429 43 1083350606
252 254 1083350747
412 413 1083350747
71 72 1083350747
511 512 1083350766
116 118 1083350807
306 308 1083351004
335 337 1083352164
496 497 1083352164
156 157 1083352800
2 200 1083352807
459 46 1083352807
253 255 1083353747
282 284 1083353747
39 391 1083353747
442 443 1083354018
102 103 1083354339
472 514 1083354339
146 148 1083354503
64 65 1083354987
336 338 1083355057
1 99 1083355214
229 230 1083355309
365 399 1083355309
525 526 1083355309
489 49 1083355579
283 285 1083355729
311 313 1083355729
419 420 1083355729
94 95 1083355729
132 275 1083356085
501 474 1083356345
176 178 1083356545
366 368 1083356634
435 436 1083356634
78 79 1083356924
259 260 1083357053
518 519 1083357053
122 124 1083357160
449 302 1083357160
312 314 1083358885
411 413 1083358885
162 163 1083359029
205 207 1083359029
341 343 1083359029
54 56 1083359029
396 398 1083359133
465 466 1083359133
216 217 1083359145
26 261 1083359230
289 290 1083359274
109 11 1083359292
479 480 1083359292
70 71 1083359292
342 344 1083359352
84 86 1083359352
235 237 1083359421
425 427 1083359521
246 247 1083359571
29 291 1083359592
389 390 1083359592
318 32 1083359610
139 14 1083359662
508 51 1083359662
329 33 1083359871
372 374 1083359871
236 238 1083360329
276 277 1083360329
455 457 1083360329
319 149 1083360333
239 24 1083360347
60 62 1083360559
359 36 1083360608
401 403 1083361240
222 223 1083361503
321 322 1083361686
186 187 1083361762
266 268 1083361762
115 116 1083362027
485 487 1083362077
269 75 1083362319
305 62 1083362319
349 350 1083362319
212 148 1083362610
252 253 1083362722
431 433 1083362722
90 92 1083362722
351 328 1083363028
215 216 1083363126
296 298 1083363126
514 516 1083363295
2 20 1083363467
335 336 1083363467
379 380 1083363467
299 3 1083363532
461 463 1083363532
121 123 1083363572
245 246 1083363628
282 283 1083363628
1 98 1083363691
67 69 1083363691
365 366 1083364215
229 23 1083364245
328 329 1083364245
192 193 1083365356
491 493 1083365435
176 177 1083365527
311 312 1083365527
259 26 1083365539
275 100 1083365539
152 154 1083365562
221 222 1083365562
205 206 1083365636
341 342 1083365636
411 365 1083365636
304 305 1083365702
495 496 1083365789
169 17 1083365808
1 100 1083365820
251 252 1083365831
289 29 1083365831
182 184 1083365860
441 442 1083365928
84 85 1083365928
235 236 1083365941
265 267 1083365941
199 2 1083365954
524 251 1083365962
129 130 1083365967
389 39 1083365974
281 282 1083366176
318 319 1083366176
74 76 1083366212
145 146 1083366252
211 213 1083366252
471 472 1083366267
175 177 1083366338
228 229 1083366338
295 297 1083366338
77 78 1083366488
159 160 1083366569
418 419 1083366699
241 243 1083366835
310 31 1083366835
60 61 1083366835
500 501 1083366883
105 107 1083366912
189 190 1083366972
324 326 1083366972
151 153 1083367234
448 449 1083367234
90 260 1083367234
271 273 1083367358
530 54 1083367560
135 137 1083367695
97 99 1083367695
395 396 1083367719
218 22 1083367816
514 515 1083367816
408 41 1083367866
478 42 1083367866
300 302 1083368209
121 122 1083368353
165 167 1083368353
83 84 1083368353
424 425 1083368629
128 13 1083368707
355 357 1083368707
248 180 1083368742
67 68 1083368742
507 508 1083368757
438 44 1083369266
111 113 1083369283
371 372 1083369720
491 492 1083369836
520 522 1083369913
195 197 1083369943
454 455 1083370207
114 115 1083370347
348 35 1083371092
385 387 1083371092
278 28 1083371209
6 60 1083371209
141 143 1083371301
331 333 1083371301
400 401 1083371301
468 47 1083371301
104 106 1083371496
430 432 1083371920
224 226 1083372535
414 416 1083372535
484 485 1083372535
513 515 1083373569
378 38 1083373718
9 90 1083373791
171 203 1083373870
361 363 1083373870
498 5 1083373870
254 256 1083374740
308 31 1083374740
444 446 1083374740
460 462 1083374740
407 409 1083375115
527 529 1083375115
354 356 1083375868
391 393 1083375868
490 492 1083375868
175 176 1083375874
295 296 1083376059
474 476 1083376059
338 34 1083376234
437 439 1083376234
258 259 1083376511
285 287 1083376535
420 422 1083376535
204 205 1083376596
384 386 1083376596
503 505 1083376596
324 325 1083376691
368 37 1083376810
467 469 1083377066
288 289 1083377310
330 332 1083377310
151 152 1083377313
450 452 1083377313
271 272 1083377948
370 371 1083377948
314 316 1083379055
413 415 1083379055
234 235 1083380009
398 4 1083380818
453 454 1083380818
97 98 1083380818
317 318 1083381158
360 362 1083381354
181 182 1083381542
73 58 1083381542
480 482 1083381570
300 301 1083381925
40 400 1083382071
264 265 1083382740
443 445 1083382740
307 309 1083382828
128 129 1083383179
248 249 1083383211
427 85 1083383211
347 348 1083384365
390 392 1083384499
